    15.8530000   331.8469264
    15.9030000   334.7055604
    15.9530000   337.5396694
    16.0030000   340.3492534
    16.0530000   343.1343124
    16.1030000   345.8948464
    16.1530000   348.6308554
    16.2030000   351.3423394
    16.2530000   354.0292984
    16.3030000   356.6917324
    16.3530000   359.3296414
    16.4030000   361.9430254
    16.4530000   364.5318844
    16.5030000   367.0962184
    16.5530000   369.6360274
    16.6030000   372.1513114
    16.6530000   374.6420704
    16.7030000   377.1083044
    16.7530000   379.5500134
    16.8030000   381.9671974
    16.8530000   384.3598564
    16.9030000   386.7279904
    16.9530000   389.0715994
    17.0030000   391.3906834
    17.0530000   393.6852424
    17.1030000   395.9552764
    17.1530000   398.2007854
    17.2030000   400.4217694
    17.2530000   402.6182284
    17.3030000   404.7901624
    17.3530000   406.9375714
    17.4030000   409.0604554
    17.4530000   411.1588144
    17.5030000   413.2326484
    17.5530000   415.2819574
    17.6030000   417.3067414
    17.6530000   419.3070004
    17.7030000   421.2827344
    17.7530000   423.2339434
    17.8030000   425.1606274
    17.8530000   427.0627864
    17.9030000   428.9404204
    17.9530000   430.7935294
    18.0030000   432.6221134
    18.0530000   434.4261724
    18.1030000   436.2057064
    18.1530000   437.9607154
    18.2030000   439.6911994
    18.2530000   441.3971584
    18.3030000   443.0785924
    18.3530000   444.7355014
    18.4030000   446.3678854
    18.4530000   447.9757444
    18.5030000   449.5590784
    18.5530000   451.1178874
    18.6030000   452.6521714
    18.6530000   454.1619304
    18.7030000   455.6471644
    18.7530000   457.1078734
    18.8030000   458.5440574
    18.8530000   459.9557164
    18.9030000   461.3428504
    18.9530000   462.7054594
    19.0030000   464.0435434
    19.0530000   465.3571024
    19.1030000   466.6461364
    19.1530000   467.9106454
    19.2030000   469.1506294
    19.2530000   470.3660884
    19.3030000   471.5570224
    19.3530000   472.7234314
    19.4030000   473.8653154
    19.4530000   474.9826744
    19.5030000   476.0755084
    19.5530000   477.1438174
    19.6030000   478.1876014
    19.6530000   479.2068604
    19.7030000   480.2015944
    19.7530000   481.1718034
    19.8030000   482.1174874
    19.8530000   483.0386464
    19.9030000   483.9352804
    19.9530000   484.8073894
    20.0030000   485.6549734
    20.0530000   486.4780324
    20.1030000   487.2765664
    20.1530000   488.0505754
    20.2030000   488.8000594
    20.2530000   489.5250184
    20.3030000   490.2254524
    20.3530000   490.9013614
    20.4030000   491.5527454
    20.4530000   492.1796044
    20.5030000   492.7819384
    20.5530000   493.3597474
    20.6030000   493.9130314
    20.6530000   494.4417904
    20.7030000   494.9460244
    20.7530000   495.4257334
    20.8030000   495.8809174
    20.8530000   496.3115764
    20.9030000   496.7177104
    20.9530000   497.0993194
    21.0030000   497.4564034
    21.0530000   497.7889624
    21.1030000   498.0969964
    21.1530000   498.3805054
    21.2030000   498.6394894
    21.2530000   498.8739484
    21.3030000   499.0838824
    21.3530000   499.2692914
    21.4030000   499.4301754
    21.4530000   499.5665344
    21.5030000   499.6783684
    21.5530000   499.7656774
    21.6030000   499.8284614
    21.6530000   499.8667204
    21.7030000   499.8804544
    21.7530000   499.8696634
    21.8030000   499.8343474
    21.8530000   499.7745064
    21.9030000   499.6901404
    21.9530000   499.5812494
    22.0030000   499.4478334
    22.0530000   499.2898924
    22.1030000   499.1074264
    22.1530000   498.9004354
    22.2030000   498.6689194
    22.2530000   498.4128784
    22.3030000   498.1323124
    22.3530000   497.8272214
    22.4030000   497.4976054
    22.4530000   497.1434644
    22.5030000   496.7647984
    22.5530000   496.3616074
    22.6030000   495.9338914
    22.6530000   495.4816504
    22.7030000   495.0048844
    22.7530000   494.5035934
    22.8030000   493.9777774
    22.8530000   493.4274364
    22.9030000   492.8525704
    22.9530000   492.2531794
    23.0030000   491.6292634
    23.0530000   490.9808224
    23.1030000   490.3078564
    23.1530000   489.6103654
    23.2030000   488.8883494
    23.2530000   488.1418084
    23.3030000   487.3707424
    23.3530000   486.5751514
    23.4030000   485.7550354
    23.4530000   484.9103944
    23.5030000   484.0412284
    23.5530000   483.1475374
    23.6030000   482.2293214
    23.6530000   481.2865804
    23.7030000   480.3193144
    23.7530000   479.3275234
    23.8030000   478.3112074
    23.8530000   477.2703664
    23.9030000   476.2050004
    23.9530000   475.1151094
    24.0030000   474.0006934
    24.0530000   472.8617524
    24.1030000   471.6982864
    24.1530000   470.5102954
    24.2030000   469.2977794
    24.2530000   468.0607384
    24.3030000   466.7991724
    24.3530000   465.5130814
    24.4030000   464.2024654
    24.4530000   462.8673244
    24.5030000   461.5076584
    24.5530000   460.1234674
    24.6030000   458.7147514
    24.6530000   457.2815104
    24.7030000   455.8237444
    24.7530000   454.3414534
    24.8030000   452.8346374
    24.8530000   451.3032964
    24.9030000   449.7474304
    24.9530000   448.1670394
    25.0030000   446.5621234
    25.0530000   444.9326824
    25.1030000   443.2787164
    25.1530000   441.6002254
    25.2030000   439.8972094
    25.2530000   438.1696684
    25.3030000   436.4176024
    25.3530000   434.6410114
    25.4030000   432.8398954
    25.4530000   431.0142544
    25.5030000   429.1640884
    25.5530000   427.2893974
    25.6030000   425.3901814
    25.6530000   423.4664404
    25.7030000   421.5181744
    25.7530000   419.5453834
    25.8030000   417.5480674
    25.8530000   415.5262264
    25.9030000   413.4798604
    25.9530000   411.4089694
    26.0030000   409.3135534
    26.0530000   407.1936124
    26.1030000   405.0491464
    26.1530000   402.8801554
    26.2030000   400.6866394
    26.2530000   398.4685984
    26.3030000   396.2260324
    26.3530000   393.9589414
    26.4030000   391.6673254
    26.4530000   389.3511844
    26.5030000   387.0105184
    26.5530000   384.6453274
    26.6030000   382.2556114
    26.6530000   379.8413704
    26.7030000   377.4026044
    26.7530000   374.9393134
    26.8030000   372.4514974
    26.8530000   369.9391564
    26.9030000   367.4022904
    26.9530000   364.8408994
    27.0030000   362.2549834
    27.0530000   359.6445424
    27.1030000   357.0095764
    27.1530000   354.3500854
    27.2030000   351.6660694
    27.2530000   348.9575284
    27.3030000   346.2244624
    27.3530000   343.4668714
    27.4030000   340.6847554
    27.4530000   337.8781144
    27.5030000   335.0469484
    27.5530000   332.1912574
    27.6030000   329.3110414
    27.6530000   326.4063004
    27.7030000   323.4770344
    27.7530000   320.5232434
    27.8030000   317.5449274
    27.8530000   314.5420864
    27.9030000   311.5147204
    27.9530000   308.4628294
    28.0030000   305.3864134
    28.0530000   302.2854724
    28.1030000   299.1600064
    28.1530000   296.0100154
    28.2030000   292.8354994
    28.2530000   289.6364584
    28.3030000   286.4128924
    28.3530000   283.1648014
    28.4030000   279.8921854
    28.4530000   276.5950444
    28.5030000   273.2733784
    28.5530000   269.9271874
    28.6030000   266.5564714
    28.6530000   263.1612304
    28.7030000   259.7414644
    28.7530000   256.2971734
    28.8030000   252.8283574
    28.8530000   249.3350164
    28.9030000   245.8171504
    28.9530000   242.2747594
    29.0030000   238.7078434
    29.0530000   235.1164024
    29.1030000   231.5004364
    29.1530000   227.8599454
    29.2030000   224.1949294
    29.2530000   220.5053884
    29.3030000   216.7913224
    29.3530000   213.0527314
    29.4030000   209.2896154
    29.4530000   205.5019744
    29.5030000   201.6898084
    29.5530000   197.8531174
    29.6030000   193.9919014
    29.6530000   190.1061604
    29.7030000   186.1958944
    29.7530000   182.2611034
    29.8030000   178.3017874
    29.8530000   174.3179464
    29.9030000   170.3095804
    29.9530000   166.2766894
    30.0030000   162.2192734
    30.0530000   158.1373324
    30.1030000   154.0308664
    30.1530000   149.8998754
    30.2030000   145.7443594
    30.2530000   141.5643184
    30.3030000   137.3597524
    30.3530000   133.1306614
    30.4030000   128.8770454
    30.4530000   124.5989044
    30.5030000   120.2962384
    30.5530000   115.9690474
    30.6030000   111.6173314
    30.6530000   107.2410904
    30.7030000   102.8403244
    30.7530000    98.4150334
    30.8030000    93.9652174
    30.8530000    89.4908764
    30.9030000    84.9920104
    30.9530000    80.4686194
    31.0030000    75.9207034
    31.0530000    71.3482624
    31.1030000    66.7512964
    31.1530000    62.1298054
    31.2030000    57.4837894
    31.2530000    52.8132484
    31.3030000    50.0000000
    31.3530000    50.0000000
    31.4030000    50.0000000
    31.4530000    50.0000000
    31.5030000    50.0000000
    31.5530000    50.0000000
    31.6030000    50.0000000
    31.6530000    50.0000000
    31.7030000    50.0000000
    31.7530000    50.0000000
    31.8030000    50.0000000
    31.8530000    50.0000000
    31.9030000    50.0000000
    31.9530000    50.0000000
    32.0030000    50.0000000
    32.0530000    50.0000000
    32.1030000    50.0000000
    32.1530000    50.0000000
    32.2030000    50.0000000
    32.2530000    50.0000000
    32.3030000    50.0000000
    32.3530000    50.0000000
    32.4030000    50.0000000
    32.4530000    50.0000000
    32.5030000    50.0000000
    32.5530000    50.0000000
    32.6030000    50.0000000
    32.6530000    50.0000000
    32.7030000    50.0000000
    32.7530000    50.0000000
    32.8030000    50.0000000
    32.8530000    50.0000000
    32.9030000    50.0000000
    32.9530000    50.0000000
    33.0030000    50.0000000
    33.0530000    50.0000000
    33.1030000    50.0000000
    33.1530000    50.0000000
    33.2030000    50.0000000
    33.2530000    50.0000000
    33.3030000    50.0000000
    33.3530000    50.0000000
    33.4030000    50.0000000
    33.4530000    50.0000000
    33.5030000    50.0000000
    33.5530000    50.0000000
    33.6030000    50.0000000
    33.6530000    50.0000000
    33.7030000    50.0000000
    33.7530000    50.0000000
    33.8030000    50.0000000
    33.8530000    50.0000000
    33.9030000    50.0000000
    33.9530000    50.0000000
    34.0030000    50.0000000
    34.0530000    50.0000000
    34.1030000    50.0000000
    34.1530000    50.0000000
    34.2030000    50.0000000
    34.2530000    50.0000000
    34.3030000    50.0000000
    34.3530000    50.0000000
    34.4030000    50.0000000
    34.4530000    50.0000000
    34.5030000    50.0000000
    34.5530000    50.0000000
    34.6030000    50.0000000
    34.6530000    50.0000000
    34.7030000    50.0000000
    34.7530000    50.0000000
    34.8030000    50.0000000
    34.8530000    50.0000000
    34.9030000    50.0000000
    34.9530000    50.0000000
    35.0030000    50.0000000
    35.0530000    50.0000000
    35.1030000    50.0000000
    35.1530000    50.0000000
    35.2030000    50.0000000
    35.2530000    50.0000000
    35.3030000    50.0000000
    35.3530000    50.0000000
    35.4030000    50.0000000
    35.4530000    50.0000000
    35.5030000    50.0000000
    35.5530000    50.0000000
    35.6030000    50.0000000
    35.6530000    50.0000000
    35.7030000    50.0000000
    35.7530000    50.0000000
    35.8030000    50.0000000
    35.8530000    50.0000000
    35.9030000    50.0000000
    35.9530000    50.0000000
    36.0030000    50.0000000
    36.0530000    50.0000000
    36.1030000    50.0000000
    36.1530000    50.0000000
    36.2030000    50.0000000
    36.2530000    50.0000000
    36.3030000    50.0000000
    36.3530000    50.0000000
    36.4030000    50.0000000
    36.4530000    50.0000000
    36.5030000    50.0000000
    36.5530000    50.0000000
    36.6030000    50.0000000
    36.6530000    50.0000000
    36.7030000    50.0000000
    36.7530000    50.0000000
    36.8030000    50.0000000
    36.8530000    50.0000000
    36.9030000    50.0000000
    36.9530000    50.0000000
    37.0030000    50.0000000
    37.0530000    50.0000000
    37.1030000    50.0000000
    37.1530000    50.0000000
    37.2030000    50.0000000
    37.2530000    50.0000000
    37.3030000    50.0000000
    37.3530000    50.0000000
    37.4030000    50.0000000
    37.4530000    50.0000000
    37.5030000    50.0000000
    37.5530000    50.0000000
    37.6030000    50.0000000
    37.6530000    50.0000000
    37.7030000    50.0000000
    37.7530000    50.0000000
    37.8030000    50.0000000
    37.8530000    50.0000000
    37.9030000    50.0000000
    37.9530000    50.0000000
    38.0030000    50.0000000
    38.0530000    50.0000000
    38.1030000    50.0000000
    38.1530000    50.0000000
    38.2030000    50.0000000
    38.2530000    50.0000000
    38.3030000    50.0000000
    38.3530000    50.0000000
    38.4030000    50.0000000
    38.4530000    50.0000000
    38.5030000    50.0000000
    38.5530000    50.0000000
    38.6030000    50.0000000
    38.6530000    50.0000000
    38.7030000    50.0000000
    38.7530000    50.0000000
    38.8030000    50.0000000
    38.8530000    50.0000000
    38.9030000    50.0000000
    38.9530000    50.0000000
    39.0030000    50.0000000
    39.0530000    50.0000000
    39.1030000    50.0000000
    39.1530000    50.0000000
    39.2030000    50.0000000
    39.2530000    50.0000000
    39.3030000    50.0000000
    39.3530000    50.0000000
    39.4030000    50.0000000
    39.4530000    50.0000000
    39.5030000    50.0000000
    39.5530000    50.0000000
    39.6030000    50.0000000
    39.6530000    50.0000000
    39.7030000    50.0000000
    39.7530000    50.0000000
    39.8030000    50.0000000
    39.8530000    50.0000000
    39.9030000    50.0000000
    39.9530000    50.0000000
    40.0030000    50.0000000
    40.0530000    50.0000000
    40.1030000    50.0000000
    40.1530000    50.0000000
    40.2030000    50.0000000
    40.2530000    50.0000000
    40.3030000    50.0000000
    40.3530000    50.0000000
    40.4030000    50.0000000
    40.4530000    50.0000000
    40.5030000    50.0000000
    40.5530000    50.0000000
    40.6030000    50.0000000
    40.6530000    50.0000000
    40.7030000    50.0000000
    40.7530000    50.0000000
    40.8030000    50.0000000
    40.8530000    50.0000000
    40.9030000    50.0000000
    40.9530000    50.0000000
    41.0030000    50.0000000
    41.0530000    50.0000000
    41.1030000    50.0000000
    41.1530000    50.0000000
    41.2030000    50.0000000
    41.2530000    50.0000000
