     0.0000000     0.0000000
     0.0500000     0.0000000
     0.1000000     0.0000000
     0.1500000     0.0000000
     0.2000000     0.0000000
     0.2500000     0.0000000
     0.3000000     0.0000000
     0.3500000     0.0000000
     0.4000000     0.0000000
     0.4500000     0.0000000
     0.5000000     0.0000000
     0.5500000     0.0000000
     0.6000000     0.0000000
     0.6500000     0.0000000
     0.7000000     0.0000000
     0.7500000     0.0000000
     0.8000000     0.0000000
     0.8500000     0.0000000
     0.9000000     0.0000000
     0.9500000     0.0000000
     1.0000000     0.0000000
     1.0500000     0.0000000
     1.1000000     0.0000000
     1.1500000     0.0000000
     1.2000000     0.0000000
     1.2500000     0.0000000
     1.3000000     0.0000000
     1.3500000     0.0000000
     1.4000000     0.0000000
     1.4500000     0.0000000
     1.5000000     0.0000000
     1.5500000     0.0000000
     1.6000000     0.0000000
     1.6500000     0.0000000
     1.7000000     0.0000000
     1.7500000     0.0000000
     1.8000000     0.0000000
     1.8500000     0.0000000
     1.9000000     0.0000000
     1.9500000     0.0000000
     2.0000000     0.0000000
     2.0500000     0.0000000
     2.1000000     0.0000000
     2.1500000     0.0000000
     2.2000000     0.0000000
     2.2500000     0.0000000
     2.3000000     0.0000000
     2.3500000     0.0000000
     2.4000000     0.0000000
     2.4500000     0.0000000
     2.5000000     0.0000000
     2.5500000     0.0000000
     2.6000000     0.0000000
     2.6500000     0.0000000
     2.7000000     0.0000000
     2.7500000     0.0000000
     2.8000000     0.0000000
     2.8500000     0.0000000
     2.9000000     0.0000000
     2.9500000     0.0000000
     3.0000000     0.0000000
     3.0500000     0.0000000
     3.1000000     0.0000000
     3.1500000     0.0000000
     3.2000000     0.0000000
     3.2500000     0.0000000
     3.3000000     0.0000000
     3.3500000     0.0000000
     3.4000000     0.0000000
     3.4500000     0.0000000
     3.5000000     0.0000000
     3.5500000     0.0000000
     3.6000000     0.0000000
     3.6500000     0.0000000
     3.7000000     0.0000000
     3.7500000     0.0000000
     3.8000000     0.0000000
     3.8500000     0.0000000
     3.9000000     0.0000000
     3.9500000     0.0000000
     4.0000000     0.0000000
     4.0500000     0.0000000
     4.1000000     0.0000000
     4.1500000     0.0000000
     4.2000000     0.0000000
     4.2500000     0.0000000
     4.3000000     0.0000000
     4.3500000     0.0000000
     4.4000000     0.0000000
     4.4500000     0.0000000
     4.5000000     0.0000000
     4.5500000     0.0000000
     4.6000000     0.0000000
     4.6500000     0.0000000
     4.7000000     0.0000000
     4.7500000     0.0000000
     4.8000000     0.0000000
     4.8500000     0.0000000
     4.9000000     0.0000000
     4.9500000     0.0000000
     5.0000000     0.0000000
     5.0500000     0.0000000
     5.1000000     0.0000000
     5.1500000     0.0000000
     5.2000000     0.0000000
     5.2500000     0.0000000
     5.3000000     0.0000000
     5.3500000     0.0000000
     5.4000000     0.0000000
     5.4500000     0.0000000
     5.5000000     0.0000000
     5.5500000     0.0000000
     5.6000000     0.0000000
     5.6500000     0.0000000
     5.7000000     0.0000000
     5.7500000     0.0000000
     5.8000000     0.0000000
     5.8500000     0.0000000
     5.9000000     0.0000000
     5.9500000     0.0000000
     6.0000000     0.0000000
     6.0500000     0.0000000
     6.1000000     0.0000000
     6.1500000     0.0000000
     6.2000000     0.0000000
     6.2500000     0.0000000
     6.3000000     0.0000000
     6.3500000     0.0000000
     6.4000000     0.0000000
     6.4500000     0.0000000
     6.5000000     0.0000000
     6.5500000     0.0000000
     6.6000000     0.0000000
     6.6500000     0.0000000
     6.7000000     0.0000000
     6.7500000     0.0000000
     6.8000000     0.0000000
     6.8500000     0.0000000
     6.9000000     0.0000000
     6.9500000     0.0000000
     7.0000000     0.0000000
     7.0500000     0.0000000
     7.1000000     0.0000000
     7.1500000     0.0000000
     7.2000000     0.0000000
     7.2500000     0.0000000
     7.3000000     0.0000000
     7.3500000     0.0000000
     7.4000000     0.0000000
     7.4500000     0.0000000
     7.5000000     0.0000000
     7.5500000     0.0000000
     7.6000000     0.0000000
     7.6500000     0.0000000
     7.7000000     0.0000000
     7.7500000     0.0000000
     7.8000000     0.0000000
     7.8500000     0.0000000
     7.9000000     0.0000000
     7.9500000     0.0000000
     8.0000000     0.0000000
     8.0500000     0.0000000
     8.1000000     0.0000000
     8.1500000     0.0000000
     8.2000000     0.0000000
     8.2500000     0.0000000
     8.3000000     0.0000000
     8.3500000     0.0000000
     8.4000000     0.0000000
     8.4500000     0.0000000
     8.5000000     0.0000000
     8.5500000     0.0000000
     8.6000000     0.0000000
     8.6500000     0.0000000
     8.7000000     0.0000000
     8.7500000     0.0000000
     8.8000000     0.0000000
     8.8500000     0.0000000
     8.9000000     0.0000000
     8.9500000     0.0000000
     9.0000000     0.0000000
     9.0500000     0.0000000
     9.1000000     0.0000000
     9.1500000     0.0000000
     9.2000000     0.0000000
     9.2500000     0.0000000
     9.3000000     0.0000000
     9.3500000     0.0000000
     9.4000000     0.0000000
     9.4500000     0.0000000
     9.5000000     0.0000000
     9.5500000     0.0000000
     9.6000000     0.0000000
     9.6500000     0.0000000
     9.7000000     0.0000000
     9.7500000     0.0000000
     9.8000000     0.0000000
     9.8500000     0.0000000
     9.9000000     0.0000000
     9.9500000     0.0000000
    10.0000000     0.0000000
    10.0500000     0.0863525
    10.1000000     0.3454101
    10.1500000     0.7771727
    10.2000000     1.3816404
    10.2500000     2.1588131
    10.3000000     3.1086909
    10.3500000     4.2312737
    10.4000000     5.5265616
    10.4500000     6.9945545
    10.5000000     8.6352525
    10.5500000    10.4486555
    10.6000000    12.4347636
    10.6500000    14.5935767
    10.7000000    16.9250949
    10.7500000    19.4293181
    10.8000000    22.1062464
    10.8500000    24.9558797
    10.9000000    27.9782181
    10.9500000    31.1732615
    11.0000000    34.5410100
    11.0500000    38.0814635
    11.1000000    41.7946221
    11.1500000    45.6804857
    11.2000000    49.7390544
    11.2500000    53.9703281
    11.3000000    58.3743069
    11.3500000    62.9509907
    11.4000000    67.7003796
    11.4500000    72.6224735
    11.5000000    77.7172725
    11.5500000    82.9847765
    11.6000000    88.4249856
    11.6500000    94.0378997
    11.7000000    99.8235189
    11.7500000   105.7818431
    11.8000000   111.9128724
    11.8500000   118.2166067
    11.9000000   124.6930461
    11.9500000   131.3421905
    12.0000000   138.1640400
    12.0500000   145.1585945
    12.1000000   152.3258541
    12.1500000   159.6658187
    12.2000000   167.1784884
    12.2500000   174.8638631
    12.3000000   182.7219429
    12.3500000   190.7527277
    12.4000000   198.9562176
    12.4500000   207.3324125
    12.5000000   215.8813125
    12.5500000   224.6029175
    12.6000000   233.4972276
    12.6500000   242.5642427
    12.7000000   251.8039629
    12.7500000   261.2163881
    12.8000000   270.8015184
    12.8500000   280.5593537
    12.9000000   290.4898941
    12.9500000   300.5931395
    13.0000000   310.8690900
    13.0500000   321.2191305
    13.1000000   331.5446460
    13.1500000   341.8456365
    13.2000000   352.1221020
    13.2500000   362.3740425
    13.3000000   372.6014580
    13.3500000   382.8043485
    13.4000000   392.9827140
    13.4500000   403.1365545
    13.5000000   413.2658700
    13.5500000   423.3706605
    13.6000000   433.4509260
    13.6500000   443.5066665
    13.7000000   453.5378820
    13.7500000   463.5445725
    13.8000000   473.5267380
    13.8500000   483.4843785
    13.9000000   493.4174940
    13.9500000   503.3260845
    14.0000000   513.2101500
    14.0500000   523.0696905
    14.1000000   532.9047060
    14.1500000   542.7151965
    14.2000000   552.5011620
    14.2500000   562.2626025
    14.3000000   571.9995180
    14.3500000   581.7119085
    14.4000000   591.3997740
    14.4500000   601.0631145
    14.5000000   610.7019300
    14.5500000   620.3162205
    14.6000000   629.9059860
    14.6500000   639.4712265
    14.7000000   649.0119420
    14.7500000   658.5281325
    14.8000000   668.0197980
    14.8500000   677.4869385
    14.9000000   686.9295540
    14.9500000   696.3476445
    15.0000000   705.7412100
    15.0500000   715.1102505
    15.1000000   724.4547660
    15.1500000   733.7747565
    15.2000000   743.0702220
    15.2500000   752.3411625
    15.3000000   761.5875780
    15.3500000   770.8094685
    15.4000000   780.0068340
    15.4500000   789.1796745
    15.5000000   798.3279900
    15.5500000   807.4517805
    15.6000000   816.5510460
    15.6500000   825.6257865
    15.7000000   834.6760020
    15.7500000   843.7016925
    15.8000000   852.7028580
    15.8500000   861.6794985
    15.9000000   870.6316140
    15.9500000   879.5592045
    16.0000000   888.4622700
    16.0500000   897.3408105
    16.1000000   906.1948260
    16.1500000   915.0243165
    16.2000000   923.8292820
    16.2500000   932.6097225
    16.3000000   941.3656380
    16.3500000   950.0970285
    16.4000000   958.8038940
    16.4500000   967.4862345
    16.5000000   976.1440500
    16.5500000   984.7773405
    16.6000000   993.3861060
    16.6500000  1001.9703465
    16.7000000  1010.5300620
    16.7500000  1019.0652525
    16.8000000  1027.5759180
    16.8500000  1036.0620585
    16.9000000  1044.5236740
    16.9500000  1052.9607645
    17.0000000  1061.3733300
    17.0500000  1069.7613705
    17.1000000  1078.1248860
    17.1500000  1086.4638765
    17.2000000  1094.7783420
    17.2500000  1103.0682825
    17.3000000  1111.3336980
    17.3500000  1119.5745885
    17.4000000  1127.7909540
    17.4500000  1135.9827945
    17.5000000  1144.1501100
    17.5500000  1152.2929005
    17.6000000  1160.4111660
    17.6500000  1168.5049065
    17.7000000  1176.5741220
    17.7500000  1184.6188125
    17.8000000  1192.6389780
    17.8500000  1200.6346185
    17.9000000  1208.6057340
    17.9500000  1216.5523245
    18.0000000  1224.4743900
    18.0500000  1232.3719305
    18.1000000  1240.2449460
    18.1500000  1248.0934365
    18.2000000  1255.9174020
    18.2500000  1263.7168425
    18.3000000  1271.4917580
    18.3500000  1279.2421485
    18.4000000  1286.9680140
    18.4500000  1294.6693545
    18.5000000  1302.3461700
    18.5500000  1309.9984605
    18.6000000  1317.6262260
    18.6500000  1325.2294665
    18.7000000  1332.8081820
    18.7500000  1340.3623725
    18.8000000  1347.8920380
    18.8500000  1355.3971785
    18.9000000  1362.8777940
    18.9500000  1370.3338845
    19.0000000  1377.7654500
    19.0500000  1385.1724905
    19.1000000  1392.5550060
    19.1500000  1399.9129965
    19.2000000  1407.2464620
    19.2500000  1414.5554025
    19.3000000  1421.8398180
    19.3500000  1429.0997085
    19.4000000  1436.3350740
    19.4500000  1443.5459145
    19.5000000  1450.7322300
    19.5500000  1457.8940205
    19.6000000  1465.0312860
    19.6500000  1472.1440265
    19.7000000  1479.2322420
    19.7500000  1486.2959325
    19.8000000  1493.3350980
    19.8500000  1500.3497385
    19.9000000  1507.3398540
    19.9500000  1514.3054445
    20.0000000  1521.2465100
    20.0500000  1528.1630505
    20.1000000  1535.0550660
    20.1500000  1541.9225565
    20.2000000  1548.7655220
    20.2500000  1555.5839625
    20.3000000  1562.3778780
    20.3500000  1569.1472685
    20.4000000  1575.8921340
    20.4500000  1582.6124745
    20.5000000  1589.3082900
    20.5500000  1595.9795805
    20.6000000  1602.6263460
    20.6500000  1609.2485865
    20.7000000  1615.8463020
    20.7500000  1622.4194925
    20.8000000  1628.9681580
    20.8500000  1635.4922985
    20.9000000  1641.9919140
    20.9500000  1648.4670045
    21.0000000  1654.9175700
    21.0500000  1661.3436105
    21.1000000  1667.7451260
    21.1500000  1674.1221165
    21.2000000  1680.4745820
    21.2500000  1686.8025225
    21.3000000  1693.1059380
    21.3500000  1699.3848285
    21.4000000  1705.6391940
    21.4500000  1711.8690345
    21.5000000  1718.0743500
    21.5500000  1724.2551405
    21.6000000  1730.4114060
    21.6500000  1736.5431465
    21.7000000  1742.6503620
    21.7500000  1748.7330525
    21.8000000  1754.7912180
    21.8500000  1760.8248585
    21.9000000  1766.8339740
    21.9500000  1772.8185645
    22.0000000  1778.7786300
    22.0500000  1784.7141705
    22.1000000  1790.6251860
    22.1500000  1796.5116765
    22.2000000  1802.3736420
    22.2500000  1808.2110825
    22.3000000  1814.0239980
    22.3500000  1819.8123885
    22.4000000  1825.5762540
    22.4500000  1831.3155945
    22.5000000  1837.0304100
    22.5500000  1842.7207005
    22.6000000  1848.3864660
    22.6500000  1854.0277065
    22.7000000  1859.6444220
    22.7500000  1865.2366125
    22.8000000  1870.8042780
    22.8500000  1876.3474185
    22.9000000  1881.8660340
    22.9500000  1887.3601245
    23.0000000  1892.8296900
    23.0500000  1898.2747305
    23.1000000  1903.6952460
    23.1500000  1909.0912365
    23.2000000  1914.4627020
    23.2500000  1919.8096425
    23.3000000  1925.1320580
    23.3500000  1930.4299485
    23.4000000  1935.7033140
    23.4500000  1940.9521545
    23.5000000  1946.1764700
    23.5500000  1951.3762605
    23.6000000  1956.5515260
    23.6500000  1961.7022665
    23.7000000  1966.8284820
    23.7500000  1971.9301725
    23.8000000  1977.0073380
    23.8500000  1982.0599785
    23.9000000  1987.0880940
    23.9500000  1992.0916845
    24.0000000  1997.0707500
    24.0500000  2002.0252905
    24.1000000  2006.9553060
    24.1500000  2011.8607965
    24.2000000  2016.7417620
    24.2500000  2021.5982025
    24.3000000  2026.4301180
    24.3500000  2031.2375085
    24.4000000  2036.0203740
    24.4500000  2040.7787145
    24.5000000  2045.5125300
    24.5500000  2050.2218205
    24.6000000  2054.9065860
    24.6500000  2059.5668265
    24.7000000  2064.2025420
    24.7500000  2068.8137325
    24.8000000  2073.4003980
    24.8500000  2077.9625385
    24.9000000  2082.5001540
    24.9500000  2087.0132445
    25.0000000  2091.5018100
    25.0500000  2095.9658505
    25.1000000  2100.4053660
    25.1500000  2104.8203565
    25.2000000  2109.2108220
    25.2500000  2113.5767625
    25.3000000  2117.9181780
    25.3500000  2122.2350685
    25.4000000  2126.5274340
    25.4500000  2130.7952745
    25.5000000  2135.0385900
    25.5500000  2139.2573805
    25.6000000  2143.4516460
    25.6500000  2147.6213865
    25.7000000  2151.7666020
    25.7500000  2155.8872925
    25.8000000  2159.9834580
    25.8500000  2164.0550985
    25.9000000  2168.1022140
    25.9500000  2172.1248045
    26.0000000  2176.1228700
    26.0500000  2180.0964105
    26.1000000  2184.0454260
    26.1500000  2187.9699165
    26.2000000  2191.8698820
    26.2500000  2195.7453225
    26.3000000  2199.5962380
    26.3500000  2203.4226285
    26.4000000  2207.2244940
    26.4500000  2211.0018345
    26.5000000  2214.7546500
    26.5500000  2218.4829405
    26.6000000  2222.1867060
    26.6500000  2225.8659465
    26.7000000  2229.5206620
    26.7500000  2233.1508525
    26.8000000  2236.7565180
    26.8500000  2240.3376585
    26.9000000  2243.8942740
    26.9500000  2247.4263645
    27.0000000  2250.9339300
    27.0500000  2254.4169705
    27.1000000  2257.8754860
    27.1500000  2261.3094765
    27.2000000  2264.7189420
    27.2500000  2268.1038825
    27.3000000  2271.4642980
    27.3500000  2274.8001885
    27.4000000  2278.1115540
    27.4500000  2281.3983945
    27.5000000  2284.6607100
    27.5500000  2287.8985005
    27.6000000  2291.1117660
    27.6500000  2294.3005065
    27.7000000  2297.4647220
    27.7500000  2300.6044125
    27.8000000  2303.7195780
    27.8500000  2306.8102185
    27.9000000  2309.8763340
    27.9500000  2312.9179245
    28.0000000  2315.9349900
    28.0500000  2318.9275305
    28.1000000  2321.8955460
    28.1500000  2324.8390365
    28.2000000  2327.7580020
    28.2500000  2330.6524425
    28.3000000  2333.5223580
    28.3500000  2336.3677485
    28.4000000  2339.1886140
    28.4500000  2341.9849545
    28.5000000  2344.7567700
    28.5500000  2347.5040605
    28.6000000  2350.2268260
    28.6500000  2352.9250665
    28.7000000  2355.5987820
    28.7500000  2358.2479725
    28.8000000  2360.8726380
    28.8500000  2363.4727785
    28.9000000  2366.0483940
    28.9500000  2368.5994845
    29.0000000  2371.1260500
    29.0500000  2373.6280905
    29.1000000  2376.1056060
    29.1500000  2378.5585965
    29.2000000  2380.9870620
    29.2500000  2383.3910025
    29.3000000  2385.7704180
    29.3500000  2388.1253085
    29.4000000  2390.4556740
    29.4500000  2392.7615145
    29.5000000  2395.0428300
    29.5500000  2397.2996205
    29.6000000  2399.5318860
    29.6500000  2401.7396265
    29.7000000  2403.9228420
    29.7500000  2406.0815325
    29.8000000  2408.2156980
    29.8500000  2410.3253385
    29.9000000  2412.4104540
    29.9500000  2414.4710445
    30.0000000  2416.5071100
    30.0500000  2418.5186505
    30.1000000  2420.5056660
    30.1500000  2422.4681565
    30.2000000  2424.4061220
    30.2500000  2426.3195625
    30.3000000  2428.2084780
    30.3500000  2430.0728685
    30.4000000  2431.9127340
    30.4500000  2433.7280745
    30.5000000  2435.5188900
    30.5500000  2437.2851805
    30.6000000  2439.0269460
    30.6500000  2440.7441865
    30.7000000  2442.4369020
    30.7500000  2444.1050925
    30.8000000  2445.7487580
    30.8500000  2447.3678985
    30.9000000  2448.9625140
    30.9500000  2450.5326045
    31.0000000  2452.0781700
    31.0500000  2453.5992105
    31.1000000  2455.0957260
    31.1500000  2456.5677165
    31.2000000  2458.0151820
    31.2500000  2459.4381225
    31.3000000  2460.8365380
    31.3500000  2462.2104285
    31.4000000  2463.5597940
    31.4500000  2464.8846345
    31.5000000  2466.1849500
    31.5500000  2467.4607405
    31.6000000  2468.7120060
    31.6500000  2469.9387465
    31.7000000  2471.1409620
    31.7500000  2472.3186525
    31.8000000  2473.4718180
    31.8500000  2474.6004585
    31.9000000  2475.7045740
    31.9500000  2476.7841645
    32.0000000  2477.8392300
    32.0500000  2478.8697705
    32.1000000  2479.8757860
    32.1500000  2480.8572765
    32.2000000  2481.8142420
    32.2500000  2482.7466825
    32.3000000  2483.6545980
    32.3500000  2484.5379885
    32.4000000  2485.3968540
    32.4500000  2486.2311945
    32.5000000  2487.0410100
    32.5500000  2487.8263005
    32.6000000  2488.5870660
    32.6500000  2489.3233065
    32.7000000  2490.0350220
    32.7500000  2490.7222125
    32.8000000  2491.3848780
    32.8500000  2492.0230185
    32.9000000  2492.6366340
    32.9500000  2493.2257245
    33.0000000  2493.7902900
    33.0500000  2494.3303305
    33.1000000  2494.8458460
    33.1500000  2495.3368365
    33.2000000  2495.8033020
    33.2500000  2496.2452425
    33.3000000  2496.6626580
    33.3500000  2497.0555485
    33.4000000  2497.4239140
    33.4500000  2497.7677545
    33.5000000  2498.0870700
    33.5500000  2498.3818605
    33.6000000  2498.6521260
    33.6500000  2498.8978665
    33.7000000  2499.1190820
    33.7500000  2499.3157725
    33.8000000  2499.4879380
    33.8500000  2499.6355785
    33.9000000  2499.7586940
    33.9500000  2499.8572845
    34.0000000  2499.9313500
    34.0500000  2499.9808905
    34.1000000  2500.0059060
    34.1500000  2500.0063965
    34.2000000  2499.9823620
    34.2500000  2499.9338025
    34.3000000  2499.8607180
    34.3500000  2499.7631085
    34.4000000  2499.6409740
    34.4500000  2499.4943145
    34.5000000  2499.3231300
    34.5500000  2499.1274205
    34.6000000  2498.9071860
    34.6500000  2498.6624265
    34.7000000  2498.3931420
    34.7500000  2498.0993325
    34.8000000  2497.7809980
    34.8500000  2497.4381385
    34.9000000  2497.0707540
    34.9500000  2496.6788445
    35.0000000  2496.2624100
    35.0500000  2495.8214505
    35.1000000  2495.3559660
    35.1500000  2494.8659565
    35.2000000  2494.3514220
    35.2500000  2493.8123625
    35.3000000  2493.2487780
    35.3500000  2492.6606685
    35.4000000  2492.0480340
    35.4500000  2491.4108745
    35.5000000  2490.7491900
    35.5500000  2490.0629805
    35.6000000  2489.3522460
    35.6500000  2488.6169865
    35.7000000  2487.8572020
    35.7500000  2487.0728925
    35.8000000  2486.2640580
    35.8500000  2485.4306985
    35.9000000  2484.5728140
    35.9500000  2483.6904045
    36.0000000  2482.7834700
    36.0500000  2481.8520105
    36.1000000  2480.8960260
    36.1500000  2479.9155165
    36.2000000  2478.9104820
    36.2500000  2477.8809225
    36.3000000  2476.8268380
    36.3500000  2475.7482285
    36.4000000  2474.6450940
    36.4500000  2473.5174345
    36.5000000  2472.3652500
    36.5500000  2471.1885405
    36.6000000  2469.9873060
    36.6500000  2468.7615465
    36.7000000  2467.5112620
    36.7500000  2466.2364525
    36.8000000  2464.9371180
    36.8500000  2463.6132585
    36.9000000  2462.2648740
    36.9500000  2460.8919645
    37.0000000  2459.4945300
    37.0500000  2458.0725705
    37.1000000  2456.6260860
    37.1500000  2455.1550765
    37.2000000  2453.6595420
    37.2500000  2452.1394825
    37.3000000  2450.5948980
    37.3500000  2449.0257885
    37.4000000  2447.4321540
    37.4500000  2445.8139945
    37.5000000  2444.1713100
    37.5500000  2442.5041005
    37.6000000  2440.8123660
    37.6500000  2439.0961065
    37.7000000  2437.3553220
    37.7500000  2435.5900125
    37.8000000  2433.8001780
    37.8500000  2431.9858185
    37.9000000  2430.1469340
    37.9500000  2428.2835245
    38.0000000  2426.3955900
    38.0500000  2424.4831305
    38.1000000  2422.5461460
    38.1500000  2420.5846365
    38.2000000  2418.5986020
    38.2500000  2416.5880425
    38.3000000  2414.5529580
    38.3500000  2412.4933485
    38.4000000  2410.4092140
    38.4500000  2408.3005545
    38.5000000  2406.1673700
    38.5500000  2404.0096605
    38.6000000  2401.8274260
    38.6500000  2399.6206665
    38.7000000  2397.3893820
    38.7500000  2395.1335725
    38.8000000  2392.8532380
    38.8500000  2390.5483785
    38.9000000  2388.2189940
    38.9500000  2385.8650845
    39.0000000  2383.4866500
    39.0500000  2381.0836905
    39.1000000  2378.6562060
    39.1500000  2376.2041965
    39.2000000  2373.7276620
    39.2500000  2371.2266025
    39.3000000  2368.7010180
    39.3500000  2366.1509085
    39.4000000  2363.5762740
    39.4500000  2360.9771145
    39.5000000  2358.3534300
    39.5500000  2355.7052205
    39.6000000  2353.0324860
    39.6500000  2350.3352265
    39.7000000  2347.6134420
    39.7500000  2344.8671325
    39.8000000  2342.0962980
    39.8500000  2339.3009385
    39.9000000  2336.4810540
    39.9500000  2333.6366445
    40.0000000  2330.7677100
    40.0500000  2327.8742505
    40.1000000  2324.9562660
    40.1500000  2322.0137565
    40.2000000  2319.0467220
    40.2500000  2316.0551625
    40.3000000  2313.0390780
    40.3500000  2309.9984685
    40.4000000  2306.9333340
    40.4500000  2303.8436745
    40.5000000  2300.7294900
    40.5500000  2297.5907805
    40.6000000  2294.4275460
    40.6500000  2291.2397865
    40.7000000  2288.0275020
    40.7500000  2284.7906925
    40.8000000  2281.5293580
    40.8500000  2278.2434985
    40.9000000  2274.9331140
    40.9500000  2271.5982045
    41.0000000  2268.2387700
    41.0500000  2264.8548105
    41.1000000  2261.4463260
    41.1500000  2258.0133165
    41.2000000  2254.5557820
    41.2500000  2251.0737225
    41.3000000  2247.5671380
    41.3500000  2244.0360285
    41.4000000  2240.4803940
    41.4500000  2236.9002345
    41.5000000  2233.2955500
    41.5500000  2229.6663405
    41.6000000  2226.0126060
    41.6500000  2222.3343465
    41.7000000  2218.6315620
    41.7500000  2214.9042525
    41.8000000  2211.1524180
    41.8500000  2207.3760585
    41.9000000  2203.5751740
    41.9500000  2199.7497645
    42.0000000  2195.8998300
    42.0500000  2192.0253705
    42.1000000  2188.1263860
    42.1500000  2184.2028765
    42.2000000  2180.2548420
    42.2500000  2176.2822825
    42.3000000  2172.2851980
    42.3500000  2168.2635885
    42.4000000  2164.2174540
    42.4500000  2160.1467945
    42.5000000  2156.0516100
    42.5500000  2151.9319005
    42.6000000  2147.7876660
    42.6500000  2143.6189065
    42.7000000  2139.4256220
    42.7500000  2135.2078125
    42.8000000  2130.9654780
    42.8500000  2126.6986185
    42.9000000  2122.4072340
    42.9500000  2118.0913245
    43.0000000  2113.7508900
    43.0500000  2109.3859305
    43.1000000  2104.9964460
    43.1500000  2100.5824365
    43.2000000  2096.1439020
    43.2500000  2091.6808425
    43.3000000  2087.1932580
    43.3500000  2082.6811485
    43.4000000  2078.1445140
    43.4500000  2073.5833545
    43.5000000  2068.9976700
    43.5500000  2064.3874605
    43.6000000  2059.7527260
    43.6500000  2055.0934665
    43.7000000  2050.4096820
    43.7500000  2045.7013725
    43.8000000  2040.9685380
    43.8500000  2036.2111785
    43.9000000  2031.4292940
    43.9500000  2026.6228845
    44.0000000  2021.7919500
    44.0500000  2016.9364905
    44.1000000  2012.0565060
    44.1500000  2007.1519965
    44.2000000  2002.2229620
    44.2500000  1997.2694025
    44.3000000  1992.2913180
    44.3500000  1987.2887085
    44.4000000  1982.2615740
    44.4500000  1977.2099145
    44.5000000  1972.1337300
    44.5500000  1967.0330205
    44.6000000  1961.9077860
    44.6500000  1956.7580265
    44.7000000  1951.5837420
    44.7500000  1946.3849325
    44.8000000  1941.1615980
    44.8500000  1935.9137385
    44.9000000  1930.6413540
    44.9500000  1925.3444445
    45.0000000  1920.0230100
    45.0500000  1914.6770505
    45.1000000  1909.3065660
    45.1500000  1903.9115565
    45.2000000  1898.4920220
    45.2500000  1893.0479625
    45.3000000  1887.5793780
    45.3500000  1882.0862685
    45.4000000  1876.5686340
    45.4500000  1871.0264745
    45.5000000  1865.4597900
    45.5500000  1859.8685805
    45.6000000  1854.2528460
    45.6500000  1848.6125865
    45.7000000  1842.9478020
    45.7500000  1837.2584925
    45.8000000  1831.5446580
    45.8500000  1825.8062985
    45.9000000  1820.0434140
    45.9500000  1814.2560045
    46.0000000  1808.4440700
    46.0500000  1802.6076105
    46.1000000  1796.7466260
    46.1500000  1790.8611165
    46.2000000  1784.9510820
    46.2500000  1779.0165225
    46.3000000  1773.0574380
    46.3500000  1767.0738285
    46.4000000  1761.0656940
    46.4500000  1755.0330345
    46.5000000  1748.9758500
    46.5500000  1742.8941405
    46.6000000  1736.7879060
    46.6500000  1730.6571465
    46.7000000  1724.5018620
    46.7500000  1718.3220525
    46.8000000  1712.1177180
    46.8500000  1705.8888585
    46.9000000  1699.6354740
    46.9500000  1693.3575645
    47.0000000  1687.0551300
    47.0500000  1680.7281705
    47.1000000  1674.3766860
    47.1500000  1668.0006765
    47.2000000  1661.6001420
    47.2500000  1655.1750825
    47.3000000  1648.7254980
    47.3500000  1642.2513885
    47.4000000  1635.7527540
    47.4500000  1629.2295945
    47.5000000  1622.6819100
    47.5500000  1616.1097005
    47.6000000  1609.5129660
    47.6500000  1602.8917065
    47.7000000  1596.2459220
    47.7500000  1589.5756125
    47.8000000  1582.8807780
    47.8500000  1576.1614185
    47.9000000  1569.4175340
    47.9500000  1562.6491245
    48.0000000  1555.8561900
    48.0500000  1549.0387305
    48.1000000  1542.1967460
    48.1500000  1535.3302365
    48.2000000  1528.4392020
    48.2500000  1521.5236425
    48.3000000  1514.5835580
    48.3500000  1507.6189485
    48.4000000  1500.6298140
    48.4500000  1493.6161545
    48.5000000  1486.5779700
    48.5500000  1479.5152605
    48.6000000  1472.4280260
    48.6500000  1465.3162665
    48.7000000  1458.1799820
    48.7500000  1451.0191725
    48.8000000  1443.8338380
    48.8500000  1436.6239785
    48.9000000  1429.3895940
    48.9500000  1422.1306845
    49.0000000  1414.8472500
    49.0500000  1407.5392905
    49.1000000  1400.2068060
    49.1500000  1392.8497965
    49.2000000  1385.4682620
    49.2500000  1378.0622025
    49.3000000  1370.6316180
    49.3500000  1363.1765085
    49.4000000  1355.6968740
    49.4500000  1348.1927145
    49.5000000  1340.6640300
    49.5500000  1333.1108205
    49.6000000  1325.5330860
    49.6500000  1317.9308265
    49.7000000  1310.3040420
    49.7500000  1302.6527325
    49.8000000  1294.9768980
    49.8500000  1287.2765385
    49.9000000  1279.5516540
    49.9500000  1271.8022445
    50.0000000  1264.0283100
    50.0500000  1256.2298505
    50.1000000  1248.4068660
    50.1500000  1240.5593565
    50.2000000  1232.6873220
    50.2500000  1224.7907625
    50.3000000  1216.8696780
    50.3500000  1208.9240685
    50.4000000  1200.9539340
    50.4500000  1192.9592745
    50.5000000  1184.9400900
    50.5500000  1176.8963805
    50.6000000  1168.8281460
    50.6500000  1160.7353865
    50.7000000  1152.6181020
    50.7500000  1144.4762925
    50.8000000  1136.3099580
    50.8500000  1128.1190985
    50.9000000  1119.9037140
    50.9500000  1111.6638045
    51.0000000  1103.3993700
    51.0500000  1095.1104105
    51.1000000  1086.7969260
    51.1500000  1078.4589165
    51.2000000  1070.0963820
    51.2500000  1061.7093225
    51.3000000  1053.2977380
    51.3500000  1044.8616285
    51.4000000  1036.4009940
    51.4500000  1027.9158345
    51.5000000  1019.4061500
    51.5500000  1010.8719405
    51.6000000  1002.3132060
    51.6500000   993.7299465
    51.7000000   985.1221620
    51.7500000   976.4898525
    51.8000000   967.8330180
    51.8500000   959.1516585
    51.9000000   950.4457740
    51.9500000   941.7153645
    52.0000000   932.9604300
    52.0500000   924.1809705
    52.1000000   915.3769860
    52.1500000   906.5484765
    52.2000000   897.6954420
    52.2500000   888.8178825
    52.3000000   879.9157980
    52.3500000   870.9891885
    52.4000000   862.0380540
    52.4500000   853.0623945
    52.5000000   844.0622100
    52.5500000   835.0375005
    52.6000000   825.9882660
    52.6500000   816.9145065
    52.7000000   807.8162220
    52.7500000   798.6934125
    52.8000000   789.5460780
    52.8500000   780.3742185
    52.9000000   771.1778340
    52.9500000   761.9569245
    53.0000000   752.7114900
    53.0500000   743.4415305
    53.1000000   734.1470460
    53.1500000   724.8280365
    53.2000000   715.4845020
    53.2500000   706.1164425
    53.3000000   696.7238580
    53.3500000   687.3067485
    53.4000000   677.8651140
    53.4500000   668.3989545
    53.5000000   658.9082700
    53.5500000   649.3930605
    53.6000000   639.8533260
    53.6500000   630.2890665
    53.7000000   620.7002820
    53.7500000   611.0869725
    53.8000000   601.4491380
    53.8500000   591.7867785
    53.9000000   582.0998940
    53.9500000   572.3884845
    54.0000000   562.6525500
    54.0500000   552.8920905
    54.1000000   543.1071060
    54.1500000   533.2975965
    54.2000000   523.4635620
    54.2500000   513.6050025
    54.3000000   503.7219180
    54.3500000   493.8143085
    54.4000000   483.8821740
    54.4500000   473.9255145
    54.5000000   463.9443300
    54.5500000   453.9386205
    54.6000000   443.9083860
    54.6500000   433.8536265
    54.7000000   423.7743420
    54.7500000   413.6705325
    54.8000000   403.5421980
    54.8500000   393.3893385
    54.9000000   383.2119540
    54.9500000   373.0100445
    55.0000000   362.7836100
    55.0500000   352.5326505
    55.1000000   342.2571660
    55.1500000   331.9571565
    55.2000000   321.6326220
    55.2500000   311.2835625
    55.3000000   300.9099780
    55.3500000   290.5118685
    55.4000000   280.0892340
    55.4500000   269.6420745
    55.5000000   259.1703900
    55.5500000   248.6741805
    55.6000000   238.1534460
    55.6500000   227.6081865
    55.7000000   217.0384020
    55.7500000   206.4440925
    55.8000000   195.8252580
    55.8500000   185.1818985
    55.9000000   174.5140140
    55.9500000   163.8216045
    56.0000000   153.1046700
    56.0500000   142.3632105
    56.1000000   131.5972260
    56.1500000   120.8067165
    56.2000000   109.9916820
    56.2500000    99.1521225
    56.3000000    88.2880380
    56.3500000    77.3994285
    56.4000000    66.4862940
    56.4500000    55.5486345
    56.5000000    50.0000000
    56.5500000    50.0000000
    56.6000000    50.0000000
    56.6500000    50.0000000
    56.7000000    50.0000000
    56.7500000    50.0000000
    56.8000000    50.0000000
    56.8500000    50.0000000
    56.9000000    50.0000000
    56.9500000    50.0000000
    57.0000000    50.0000000
    57.0500000    50.0000000
    57.1000000    50.0000000
    57.1500000    50.0000000
    57.2000000    50.0000000
    57.2500000    50.0000000
    57.3000000    50.0000000
    57.3500000    50.0000000
    57.4000000    50.0000000
    57.4500000    50.0000000
    57.5000000    50.0000000
    57.5500000    50.0000000
    57.6000000    50.0000000
    57.6500000    50.0000000
    57.7000000    50.0000000
    57.7500000    50.0000000
    57.8000000    50.0000000
    57.8500000    50.0000000
    57.9000000    50.0000000
    57.9500000    50.0000000
    58.0000000    50.0000000
    58.0500000    50.0000000
    58.1000000    50.0000000
    58.1500000    50.0000000
    58.2000000    50.0000000
    58.2500000    50.0000000
    58.3000000    50.0000000
    58.3500000    50.0000000
    58.4000000    50.0000000
    58.4500000    50.0000000
    58.5000000    50.0000000
    58.5500000    50.0000000
    58.6000000    50.0000000
    58.6500000    50.0000000
    58.7000000    50.0000000
    58.7500000    50.0000000
    58.8000000    50.0000000
    58.8500000    50.0000000
    58.9000000    50.0000000
    58.9500000    50.0000000
    59.0000000    50.0000000
    59.0500000    50.0000000
    59.1000000    50.0000000
    59.1500000    50.0000000
    59.2000000    50.0000000
    59.2500000    50.0000000
    59.3000000    50.0000000
    59.3500000    50.0000000
    59.4000000    50.0000000
    59.4500000    50.0000000
    59.5000000    50.0000000
    59.5500000    50.0000000
    59.6000000    50.0000000
    59.6500000    50.0000000
    59.7000000    50.0000000
    59.7500000    50.0000000
    59.8000000    50.0000000
    59.8500000    50.0000000
    59.9000000    50.0000000
    59.9500000    50.0000000
    60.0000000    50.0000000
    60.0500000    50.0000000
    60.1000000    50.0000000
    60.1500000    50.0000000
    60.2000000    50.0000000
    60.2500000    50.0000000
    60.3000000    50.0000000
    60.3500000    50.0000000
    60.4000000    50.0000000
    60.4500000    50.0000000
    60.5000000    50.0000000
    60.5500000    50.0000000
    60.6000000    50.0000000
    60.6500000    50.0000000
    60.7000000    50.0000000
    60.7500000    50.0000000
    60.8000000    50.0000000
    60.8500000    50.0000000
    60.9000000    50.0000000
    60.9500000    50.0000000
    61.0000000    50.0000000
    61.0500000    50.0000000
    61.1000000    50.0000000
    61.1500000    50.0000000
    61.2000000    50.0000000
    61.2500000    50.0000000
    61.3000000    50.0000000
    61.3500000    50.0000000
    61.4000000    50.0000000
    61.4500000    50.0000000
    61.5000000    50.0000000
    61.5500000    50.0000000
    61.6000000    50.0000000
    61.6500000    50.0000000
    61.7000000    50.0000000
    61.7500000    50.0000000
    61.8000000    50.0000000
    61.8500000    50.0000000
    61.9000000    50.0000000
    61.9500000    50.0000000
    62.0000000    50.0000000
    62.0500000    50.0000000
    62.1000000    50.0000000
    62.1500000    50.0000000
    62.2000000    50.0000000
    62.2500000    50.0000000
    62.3000000    50.0000000
    62.3500000    50.0000000
    62.4000000    50.0000000
    62.4500000    50.0000000
    62.5000000    50.0000000
    62.5500000    50.0000000
    62.6000000    50.0000000
    62.6500000    50.0000000
    62.7000000    50.0000000
    62.7500000    50.0000000
    62.8000000    50.0000000
    62.8500000    50.0000000
    62.9000000    50.0000000
    62.9500000    50.0000000
    63.0000000    50.0000000
    63.0500000    50.0000000
    63.1000000    50.0000000
    63.1500000    50.0000000
    63.2000000    50.0000000
    63.2500000    50.0000000
    63.3000000    50.0000000
    63.3500000    50.0000000
    63.4000000    50.0000000
    63.4500000    50.0000000
    63.5000000    50.0000000
    63.5500000    50.0000000
    63.6000000    50.0000000
    63.6500000    50.0000000
    63.7000000    50.0000000
    63.7500000    50.0000000
    63.8000000    50.0000000
    63.8500000    50.0000000
    63.9000000    50.0000000
    63.9500000    50.0000000
    64.0000000    50.0000000
    64.0500000    50.0000000
    64.1000000    50.0000000
    64.1500000    50.0000000
    64.2000000    50.0000000
    64.2500000    50.0000000
    64.3000000    50.0000000
    64.3500000    50.0000000
    64.4000000    50.0000000
    64.4500000    50.0000000
    64.5000000    50.0000000
    64.5500000    50.0000000
    64.6000000    50.0000000
    64.6500000    50.0000000
    64.7000000    50.0000000
    64.7500000    50.0000000
    64.8000000    50.0000000
    64.8500000    50.0000000
    64.9000000    50.0000000
    64.9500000    50.0000000
    65.0000000    50.0000000
    65.0500000    50.0000000
    65.1000000    50.0000000
    65.1500000    50.0000000
    65.2000000    50.0000000
    65.2500000    50.0000000
    65.3000000    50.0000000
    65.3500000    50.0000000
    65.4000000    50.0000000
    65.4500000    50.0000000
    65.5000000    50.0000000
    65.5500000    50.0000000
    65.6000000    50.0000000
    65.6500000    50.0000000
    65.7000000    50.0000000
    65.7500000    50.0000000
    65.8000000    50.0000000
    65.8500000    50.0000000
    65.9000000    50.0000000
    65.9500000    50.0000000
    66.0000000    50.0000000
    66.0500000    50.0000000
    66.1000000    50.0000000
    66.1500000    50.0000000
    66.2000000    50.0000000
    66.2500000    50.0000000
    66.3000000    50.0000000
    66.3500000    50.0000000
    66.4000000    50.0000000
    66.4500000    50.0000000
