# Simulation 2 (Up to date)
# 578 data points written for 4 variables.
#
# Tempo (s) Altitude (m) Velocidade vertical (m/s) Aceleração vertical (m/s²)
# Event LAUNCH occurred at t=0 seconds
# Event IGNITION occurred at t=0 seconds
0 0 0 758.93
# Event LIFTOFF occurred at t=0.01 seconds
0.01 0.039159 7.8921 777.04
0.02 0.15694 15.664 758.95
0.026384 0.27245 20.528 750.6
0.031255 0.38137 24.19 743
0.035389 0.48772 27.264 735.98
0.039057 0.59268 29.964 729.54
0.042395 0.69674 32.4 723.56
0.045481 0.80019 34.633 717.96
0.048368 0.90318 36.707 712.66
# Event LAUNCHROD occurred at t=0.051093 seconds
0.051093 1.0058 38.648 707.61
0.055179 1.1697 41.535 698.52
0.061309 1.4374 45.805 684.8
0.068951 1.8074 51.027 668.55
0.076136 2.1912 55.83 654.9
0.083168 2.6001 60.434 641.17
0.090289 3.0467 64.995 626.94
0.097807 3.5529 69.702 611.53
0.10627 4.1649 74.867 593.56
0.11754 5.046 81.519 568
0.13444 6.5042 91.014 527.86
0.14837 7.823 98.375 501.54
0.15453 8.4393 101.5 495.83
0.15969 8.9687 104.05 485.99
0.16436 9.4607 106.33 476.63
0.16878 9.9345 108.43 467.65
0.17304 10.401 110.42 458.89
0.17726 10.871 112.36 450.13
0.18154 11.356 114.28 441.18
0.18601 11.871 116.25 431.72
0.19082 12.436 118.32 421.42
0.19629 13.09 120.62 409.49
0.20313 13.924 123.41 394.08
0.21339 15.21 127.41 369.68
0.22878 17.214 133.02 333.04
0.23696 18.314 135.78 322.76
0.24275 19.105 137.65 312.98
0.24786 19.813 139.25 303.01
0.25278 20.502 140.74 293
0.25776 21.206 142.2 282.67
0.26311 21.972 143.71 271.26
0.26924 22.857 145.36 257.9
0.2776 24.082 147.5 238.61
0.29015 25.951 150.44 209.02
0.30812 28.688 154.09 167.53
0.31488 29.733 155.27 164.42
0.32155 30.772 156.37 151.25
0.32895 31.933 157.48 135.97
0.33873 33.48 158.79 114.6
0.35341 35.823 160.4 81.58
0.37137 38.716 161.81 44.068
0.38001 40.116 162.26 36.292
0.38924 41.615 162.58 18.307
0.40172 43.646 162.78 -8.1183
0.42045 46.693 162.54 -48.548
0.43523 49.091 161.87 -68.684
0.44668 50.939 161.09 -84.031
# Event BURNOUT occurred at t=0.46186 seconds
0.46186 53.375 159.82 -83.329
0.48464 56.994 157.95 -81.363
0.50106 59.577 156.62 -80.048
0.51921 62.406 155.18 -78.689
0.54642 66.601 153.07 -76.719
0.57157 70.426 151.16 -74.878
0.6093 76.076 148.39 -72.248
0.6593 83.407 144.86 -69.057
0.7093 90.565 141.48 -66.099
0.7593 97.557 138.24 -63.35
0.8093 104.39 135.14 -60.773
0.8593 111.07 132.16 -58.385
0.9093 117.61 129.3 -56.155
0.9593 124 126.54 -54.048
1.0093 130.27 123.89 -52.081
1.0593 136.4 121.33 -50.238
1.1093 142.4 118.87 -48.52
1.1593 148.28 116.48 -46.88
1.2093 154.05 114.18 -45.337
1.2593 159.7 111.95 -43.858
1.3093 165.25 109.79 -42.49
1.3593 170.68 107.7 -41.207
1.4093 176.02 105.67 -39.961
1.4593 181.25 103.7 -38.779
1.5093 186.39 101.79 -37.685
1.5593 191.43 99.93 -36.638
1.6093 196.38 98.124 -35.596
1.6593 201.24 96.369 -34.617
1.7016 205.29 94.92 -33.878
1.7516 210 93.247 -33.021
1.8016 214.62 91.618 -32.155
1.8516 219.16 90.03 -31.365
1.9016 223.62 88.482 -30.556
1.9453 227.45 87.162 -29.944
1.9953 231.78 85.682 -29.255
2.0453 236.02 84.237 -28.556
2.0953 240.2 82.825 -27.923
2.1453 244.31 81.444 -27.303
2.1953 248.34 80.095 -26.683
2.2453 252.32 78.775 -26.113
2.2953 256.22 77.483 -25.588
2.3453 260.06 76.216 -25.078
2.3953 263.84 74.975 -24.544
2.4453 267.56 73.761 -24.047
2.4953 271.22 72.571 -23.565
2.5453 274.82 71.403 -23.132
2.5953 278.36 70.257 -22.723
2.6453 281.85 69.132 -22.284
2.6953 285.28 68.029 -21.844
2.7453 288.65 66.946 -21.464
2.7953 291.97 65.882 -21.099
2.8453 295.24 64.836 -20.736
2.8953 298.45 63.808 -20.39
2.9453 301.62 62.797 -20.041
2.9953 304.73 61.804 -19.712
3.0453 307.8 60.826 -19.394
3.0953 310.82 59.864 -19.075
3.1453 313.79 58.918 -18.772
3.1953 316.71 57.987 -18.48
3.2453 319.59 57.069 -18.226
3.2953 322.42 56.164 -17.98
3.3453 325.2 55.272 -17.715
3.3953 327.94 54.393 -17.432
3.4453 330.64 53.528 -17.157
3.4953 333.3 52.677 -16.919
3.5453 335.91 51.836 -16.701
3.5953 338.48 51.006 -16.501
3.6453 341.01 50.187 -16.279
3.6953 343.5 49.378 -16.088
3.7453 345.95 48.578 -15.898
3.7953 348.36 47.788 -15.69
3.8453 350.73 47.009 -15.469
3.8953 353.06 46.241 -15.279
3.9453 355.35 45.481 -15.088
3.9953 357.61 44.731 -14.916
4.0453 359.82 43.99 -14.739
4.0953 362.01 43.257 -14.576
4.1453 364.15 42.532 -14.416
4.1953 366.26 41.815 -14.285
4.2453 368.33 41.104 -14.143
4.2953 370.37 40.401 -14.001
4.3453 372.37 39.704 -13.848
4.3953 374.34 39.016 -13.695
4.4453 376.27 38.335 -13.546
4.4953 378.17 37.661 -13.4
4.5453 380.04 36.994 -13.287
4.5953 381.87 36.333 -13.139
4.6453 383.67 35.679 -13.024
4.6953 385.44 35.031 -12.903
4.7453 387.18 34.389 -12.8
4.7953 388.88 33.751 -12.72
4.8453 390.55 33.117 -12.605
4.8953 392.19 32.49 -12.491
4.9453 393.8 31.868 -12.378
4.9953 395.38 31.252 -12.271
5.0453 396.93 30.641 -12.163
5.0953 398.44 30.035 -12.078
5.1453 399.93 29.434 -11.985
5.1953 401.39 28.837 -11.892
5.2453 402.81 28.244 -11.819
5.2953 404.21 27.655 -11.767
5.3453 405.58 27.068 -11.695
5.3953 406.92 26.485 -11.613
5.4453 408.23 25.906 -11.546
5.4953 409.51 25.331 -11.444
5.5453 410.76 24.762 -11.335
5.5953 411.98 24.197 -11.251
5.6453 413.18 23.637 -11.18
5.6953 414.35 23.079 -11.111
5.7453 415.49 22.525 -11.056
5.7953 416.6 21.974 -11.005
5.8453 417.69 21.425 -10.941
5.8953 418.74 20.879 -10.896
5.9453 419.77 20.335 -10.855
5.9953 420.78 19.794 -10.813
6.0453 421.75 19.254 -10.778
6.0953 422.7 18.716 -10.726
6.1453 423.63 18.182 -10.665
6.1953 424.52 17.65 -10.596
6.2453 425.39 17.122 -10.524
6.2953 426.23 16.597 -10.476
6.3453 427.05 16.074 -10.444
6.3953 427.84 15.553 -10.388
6.4453 428.61 15.035 -10.353
6.4953 429.34 14.518 -10.308
6.5453 430.06 14.004 -10.262
6.5953 430.74 13.492 -10.231
6.6453 431.41 12.981 -10.191
6.6953 432.04 12.472 -10.161
6.7453 432.65 11.965 -10.124
6.7953 433.24 11.459 -10.115
6.8453 433.8 10.954 -10.09
6.8953 434.33 10.45 -10.074
6.9453 434.84 9.9469 -10.051
6.9953 435.33 9.4448 -10.033
7.0453 435.79 8.9437 -10.014
7.0953 436.22 8.4434 -9.9966
7.1453 436.63 7.9442 -9.9717
7.1953 437.02 7.4464 -9.9376
7.2453 437.38 6.95 -9.9228
7.2953 437.71 6.4543 -9.9015
7.3453 438.02 5.9596 -9.8899
7.3953 438.31 5.4654 -9.8765
7.4453 438.57 4.9719 -9.8625
7.4953 438.81 4.4793 -9.8413
7.5453 439.02 3.9877 -9.824
7.5953 439.21 3.4969 -9.8077
7.6453 439.37 3.0069 -9.7937
7.6953 439.51 2.5174 -9.7857
7.7453 439.62 2.0284 -9.7737
7.7953 439.71 1.5399 -9.7703
7.8453 439.77 1.0514 -9.7675
7.8953 439.81 0.56318 -9.7743
7.9453 439.83 0.074447 -9.7756
7.9953 439.82 -0.41426 -9.772
# Event APOGEE occurred at t=8.0453 seconds
8.0453 439.79 -0.90267 -9.7634
8.0953 439.73 -1.3905 -9.7486
8.1453 439.65 -1.8774 -9.7279
8.1953 439.54 -2.3632 -9.7022
8.2453 439.41 -2.8475 -9.6672
8.2953 439.26 -3.33 -9.631
8.3453 439.08 -3.8104 -9.5865
8.3953 438.88 -4.2885 -9.5352
8.4453 438.65 -4.7636 -9.4669
8.4953 438.4 -5.2352 -9.3936
8.5453 438.13 -5.7027 -9.3044
8.5953 437.83 -6.1654 -9.2011
8.6453 437.51 -6.6226 -9.0876
8.6953 437.17 -7.0738 -8.9566
8.7453 436.8 -7.5182 -8.8159
8.7953 436.42 -7.9548 -8.6424
8.8446 436.01 -8.3759 -8.4331
8.8917 435.61 -8.768 -8.2186
8.936 435.21 -9.1264 -7.9591
8.9802 434.8 -9.4723 -7.6534
9.0255 434.37 -9.8107 -7.3129
9.0713 433.91 -10.137 -6.9349
9.1177 433.43 -10.449 -6.5047
9.1654 432.93 -10.748 -6.0064
9.2111 432.43 -11.011 -5.4664
9.2545 431.95 -11.236 -4.9192
9.2961 431.47 -11.429 -4.3884
9.3361 431.01 -11.594 -3.8531
9.3749 430.56 -11.734 -3.3339
9.4127 430.12 -11.85 -2.8367
9.4496 429.68 -11.946 -2.3677
9.4858 429.24 -12.024 -1.9433
9.5214 428.81 -12.087 -1.5596
9.5565 428.39 -12.135 -1.2249
9.5912 427.97 -12.173 -0.94387
9.6256 427.55 -12.201 -0.7213
9.6597 427.13 -12.223 -0.56104
9.6935 426.72 -12.24 -0.45888
9.7272 426.3 -12.255 -0.42778
9.7607 425.89 -12.269 -0.46318
9.794 425.49 -12.286 -0.56135
9.8272 425.08 -12.307 -0.7237
9.8602 424.67 -12.335 -0.93271
9.8929 424.27 -12.369 -1.1716
9.9255 423.86 -12.411 -1.4323
9.9578 423.46 -12.462 -1.7282
9.9897 423.06 -12.523 -2.0708
10.021 422.67 -12.594 -2.4245
10.052 422.27 -12.675 -2.7961
10.083 421.88 -12.767 -3.2189
10.113 421.5 -12.869 -3.6418
10.142 421.12 -12.982 -4.06
10.171 420.75 -13.076 -3.4157
10.198 420.39 -13.179 -4.0614
10.225 420.04 -13.296 -4.7083
10.249 419.71 -13.418 -5.2807
10.272 419.41 -13.542 -5.7785
10.292 419.13 -13.665 -6.2112
10.311 418.87 -13.785 -6.593
10.328 418.63 -13.903 -7.0487
10.348 418.35 -14.049 -7.6212
10.369 418.05 -14.216 -8.1409
10.39 417.75 -14.392 -8.5672
10.411 417.45 -14.575 -8.8972
10.432 417.14 -14.764 -9.1226
10.454 416.83 -14.96 -9.2355
10.475 416.5 -15.161 -9.241
10.492 416.24 -15.314 -9.1782
10.506 416.03 -15.444 -9.0832
10.519 415.83 -15.559 -8.9703
10.531 415.65 -15.663 -8.8459
10.542 415.48 -15.759 -8.7144
10.552 415.31 -15.848 -8.5789
10.562 415.16 -15.931 -8.4423
10.571 415.01 -16.01 -8.3054
10.58 414.86 -16.084 -8.1695
10.589 414.72 -16.155 -8.0355
10.597 414.58 -16.223 -7.9044
10.606 414.45 -16.288 -7.7762
10.614 414.32 -16.351 -7.6519
10.622 414.19 -16.411 -7.5321
10.629 414.06 -16.469 -7.4173
10.637 413.93 -16.526 -7.3077
10.645 413.81 -16.58 -7.2037
10.652 413.68 -16.634 -7.1061
10.659 413.56 -16.686 -7.016
10.667 413.44 -16.737 -6.9323
10.674 413.32 -16.787 -6.855
10.681 413.2 -16.836 -6.7845
10.688 413.07 -16.884 -6.7208
10.695 412.95 -16.932 -6.6643
10.703 412.83 -16.979 -6.6123
10.71 412.71 -17.025 -6.5631
10.717 412.59 -17.071 -6.5215
10.724 412.47 -17.117 -6.4876
10.731 412.35 -17.163 -6.4613
10.738 412.23 -17.208 -6.4427
10.745 412.11 -17.253 -6.432
10.752 411.99 -17.298 -6.4297
10.759 411.87 -17.344 -6.4369
10.766 411.74 -17.389 -6.4519
10.773 411.62 -17.435 -6.4748
10.78 411.49 -17.482 -6.5055
10.788 411.37 -17.53 -6.5441
10.795 411.24 -17.578 -6.5908
10.802 411.11 -17.628 -6.6452
10.81 410.97 -17.679 -6.7067
10.818 410.83 -17.731 -6.7768
10.826 410.69 -17.786 -6.8557
10.834 410.54 -17.842 -6.9437
10.843 410.39 -17.902 -7.041
10.851 410.23 -17.964 -7.1469
10.861 410.07 -18.031 -7.2573
10.87 409.89 -18.101 -7.3778
10.88 409.71 -18.177 -7.5089
10.891 409.51 -18.26 -7.6513
10.903 409.3 -18.351 -7.8053
10.916 409.06 -18.453 -7.9714
10.931 408.79 -18.571 -8.1512
10.948 408.46 -18.714 -8.3458
10.97 408.05 -18.9 -8.5703
11.003 407.42 -19.188 -8.7859
11.039 406.73 -19.503 -8.8326
11.075 406.01 -19.824 -8.7125
11.096 405.6 -20.003 -8.5791
11.112 405.27 -20.142 -8.4447
11.126 404.99 -20.26 -8.3146
11.139 404.73 -20.363 -8.1913
11.151 404.5 -20.457 -8.0754
11.161 404.27 -20.544 -7.9729
11.172 404.06 -20.627 -7.8779
11.182 403.85 -20.705 -7.7904
11.192 403.65 -20.78 -7.7109
11.201 403.46 -20.852 -7.6398
11.21 403.26 -20.923 -7.5796
11.219 403.07 -20.992 -7.5277
11.228 402.88 -21.059 -7.4842
11.237 402.69 -21.126 -7.449
11.246 402.5 -21.193 -7.4225
11.255 402.31 -21.259 -7.3987
11.264 402.13 -21.324 -7.3795
11.273 401.94 -21.39 -7.3691
11.282 401.75 -21.455 -7.3676
11.291 401.55 -21.521 -7.3749
11.3 401.36 -21.587 -7.391
11.309 401.16 -21.655 -7.4293
11.318 400.96 -21.724 -7.477
11.328 400.75 -21.797 -7.5338
11.338 400.53 -21.874 -7.5997
11.349 400.3 -21.955 -7.675
11.36 400.05 -22.042 -7.7478
11.372 399.78 -22.136 -7.8283
11.385 399.49 -22.239 -7.9183
11.4 399.17 -22.354 -8.0178
11.416 398.8 -22.488 -8.1233
11.436 398.35 -22.651 -8.2368
11.463 397.73 -22.874 -8.3563
11.503 396.81 -23.213 -8.4274
11.553 395.63 -23.632 -8.3284
11.577 395.07 -23.83 -8.2272
11.595 394.63 -23.979 -8.1378
11.611 394.26 -24.106 -8.0546
11.625 393.92 -24.219 -7.9794
11.638 393.6 -24.323 -7.913
11.65 393.3 -24.42 -7.8555
11.662 393.01 -24.513 -7.8122
11.674 392.72 -24.603 -7.7773
11.685 392.44 -24.691 -7.7506
11.697 392.16 -24.779 -7.7322
11.708 391.88 -24.868 -7.7209
11.719 391.59 -24.956 -7.7173
11.731 391.3 -25.046 -7.7219
11.743 391 -25.138 -7.7345
11.755 390.69 -25.234 -7.7563
11.768 390.36 -25.334 -7.7874
11.782 390.01 -25.443 -7.8258
11.797 389.62 -25.562 -7.8709
11.815 389.18 -25.699 -7.9188
11.836 388.64 -25.864 -7.9695
11.863 387.93 -26.085 -8.0147
11.905 386.84 -26.418 -8.0169
11.955 385.51 -26.817 -7.9216
11.987 384.62 -27.075 -7.8225
12.01 384.01 -27.251 -7.7507
12.03 383.47 -27.402 -7.6937
12.048 382.98 -27.54 -7.6483
12.065 382.51 -27.67 -7.6082
12.081 382.05 -27.795 -7.5779
12.097 381.6 -27.918 -7.5576
12.113 381.15 -28.04 -7.546
12.13 380.69 -28.164 -7.5432
12.147 380.2 -28.293 -7.5487
12.165 379.68 -28.431 -7.5614
12.186 379.1 -28.586 -7.5802
12.21 378.41 -28.769 -7.6009
12.242 377.49 -29.011 -7.6156
12.29 376.09 -29.375 -7.5944
12.34 374.62 -29.753 -7.5119
12.377 373.5 -30.032 -7.427
12.402 372.74 -30.219 -7.3699
12.424 372.08 -30.38 -7.3296
12.445 371.44 -30.533 -7.2998
12.466 370.8 -30.684 -7.2732
12.486 370.17 -30.835 -7.254
12.508 369.51 -30.988 -7.2452
12.531 368.8 -31.155 -7.2459
12.559 367.91 -31.36 -7.2446
12.599 366.64 -31.653 -7.2267
12.649 365.04 -32.013 -7.1724
12.699 363.43 -32.37 -7.0868
12.734 362.31 -32.614 -7.0259
12.762 361.38 -32.813 -6.9855
12.79 360.47 -33.005 -6.9575
12.82 359.48 -33.214 -6.9215
12.849 358.5 -33.416 -6.8898
12.878 357.55 -33.611 -6.8768
12.916 356.28 -33.87 -6.8541
12.966 354.58 -34.212 -6.7961
13.016 352.86 -34.549 -6.7075
13.05 351.65 -34.782 -6.6404
13.076 350.75 -34.953 -6.6047
13.101 349.86 -35.12 -6.5792
13.128 348.91 -35.297 -6.5642
13.163 347.68 -35.524 -6.5447
13.213 345.9 -35.851 -6.502
13.263 344.1 -36.174 -6.44
13.313 342.28 -36.495 -6.3693
13.352 340.88 -36.738 -6.3141
13.381 339.81 -36.921 -6.2853
13.415 338.55 -37.134 -6.2539
13.465 336.68 -37.445 -6.1983
13.515 334.8 -37.753 -6.1204
13.565 332.91 -38.057 -6.0404
13.597 331.67 -38.253 -6.0043
13.632 330.34 -38.461 -5.9687
13.67 328.87 -38.687 -5.9383
13.72 326.93 -38.983 -5.8919
13.77 324.97 -39.276 -5.8237
13.815 323.19 -39.538 -5.7625
13.853 321.69 -39.756 -5.7213
13.902 319.72 -40.036 -5.6678
13.952 317.71 -40.318 -5.6143
14.002 315.69 -40.598 -5.5504
14.052 313.65 -40.874 -5.4883
14.102 311.6 -41.147 -5.4332
14.152 309.54 -41.417 -5.3784
14.202 307.46 -41.684 -5.3166
14.252 305.37 -41.949 -5.2584
14.302 303.26 -42.21 -5.201
14.352 301.15 -42.469 -5.1468
14.402 299.02 -42.725 -5.0889
14.452 296.87 -42.978 -5.0316
14.502 294.72 -43.228 -4.975
14.552 292.55 -43.475 -4.9193
14.602 290.37 -43.72 -4.86
14.652 288.18 -43.961 -4.7971
14.702 285.98 -44.199 -4.7353
14.752 283.76 -44.435 -4.6844
14.802 281.53 -44.668 -4.6391
14.852 279.29 -44.899 -4.5847
14.902 277.04 -45.126 -4.5265
14.947 275.04 -45.326 -4.4806
14.997 272.77 -45.549 -4.4286
15.047 270.48 -45.769 -4.3681
15.097 268.19 -45.986 -4.3099
15.147 265.88 -46.2 -4.2551
15.191 263.85 -46.386 -4.2192
15.241 261.52 -46.596 -4.17
15.291 259.19 -46.803 -4.1157
15.341 256.84 -47.007 -4.0573
15.391 254.49 -47.209 -4.0045
15.439 252.18 -47.403 -3.9642
15.489 249.81 -47.6 -3.9167
15.539 247.42 -47.795 -3.8658
15.589 245.03 -47.987 -3.8132
15.639 242.63 -48.176 -3.7638
15.689 240.21 -48.363 -3.7181
15.739 237.79 -48.548 -3.6715
15.789 235.36 -48.73 -3.6232
15.839 232.92 -48.91 -3.5756
15.889 230.47 -49.088 -3.5286
15.939 228.01 -49.263 -3.4816
15.989 225.54 -49.436 -3.4358
16.039 223.06 -49.607 -3.39
16.089 220.58 -49.775 -3.3445
16.139 218.09 -49.941 -3.2995
16.189 215.58 -50.105 -3.2549
16.239 213.08 -50.266 -3.2101
16.289 210.56 -50.426 -3.1647
16.339 208.03 -50.583 -3.1234
16.389 205.5 -50.738 -3.0802
16.439 202.96 -50.891 -3.0358
16.489 200.41 -51.042 -2.9951
16.539 197.86 -51.19 -2.9537
16.589 195.29 -51.337 -2.9126
16.639 192.72 -51.482 -2.8711
16.689 190.14 -51.624 -2.8313
16.739 187.56 -51.765 -2.7912
16.789 184.97 -51.903 -2.7515
16.839 182.37 -52.04 -2.7124
16.889 179.76 -52.175 -2.6715
16.939 177.15 -52.307 -2.6339
16.989 174.53 -52.438 -2.5976
17.039 171.91 -52.567 -2.5599
17.089 169.28 -52.694 -2.5235
17.139 166.64 -52.819 -2.4851
17.189 163.99 -52.943 -2.4432
17.239 161.34 -53.064 -2.404
17.289 158.69 -53.183 -2.3713
17.339 156.03 -53.301 -2.3434
17.389 153.36 -53.417 -2.3088
17.439 150.68 -53.532 -2.2743
17.489 148 -53.645 -2.2413
17.539 145.32 -53.756 -2.2038
17.589 142.63 -53.865 -2.1576
17.63 140.42 -53.953 -2.1359
17.68 137.72 -54.059 -2.1108
17.73 135.01 -54.164 -2.0825
17.78 132.3 -54.267 -2.0481
17.829 129.67 -54.366 -2.0186
17.879 126.95 -54.466 -1.9896
17.929 124.22 -54.565 -1.9556
17.979 121.49 -54.661 -1.9169
18.029 118.76 -54.756 -1.8862
18.079 116.02 -54.85 -1.8658
18.129 113.27 -54.943 -1.8413
18.179 110.52 -55.034 -1.8128
18.229 107.77 -55.124 -1.785
18.279 105.01 -55.213 -1.7559
18.329 102.25 -55.3 -1.7191
18.379 99.481 -55.385 -1.6829
18.424 96.952 -55.461 -1.6669
18.474 94.177 -55.544 -1.6462
18.524 91.397 -55.626 -1.6232
18.574 88.614 -55.706 -1.5961
18.624 85.827 -55.785 -1.5706
18.674 83.036 -55.863 -1.5426
18.724 80.241 -55.94 -1.5141
18.774 77.442 -56.015 -1.4931
18.824 74.639 -56.089 -1.4707
18.874 71.833 -56.162 -1.4463
18.924 69.023 -56.233 -1.4227
18.974 66.21 -56.304 -1.3987
19.024 63.393 -56.373 -1.3703
19.074 60.572 -56.441 -1.3488
19.124 57.749 -56.508 -1.3304
19.174 54.921 -56.574 -1.3058
19.224 52.091 -56.639 -1.2816
19.274 49.277 -56.702 -1.2641
19.324 46.44 -56.765 -1.2425
19.374 43.601 -56.826 -1.2191
19.424 40.758 -56.887 -1.1998
19.474 37.912 -56.946 -1.1804
19.524 35.063 -57.005 -1.161
19.574 32.211 -57.062 -1.1408
19.624 29.357 -57.119 -1.1204
19.674 26.5 -57.174 -1.1016
19.724 23.64 -57.229 -1.0829
19.774 20.777 -57.283 -1.064
19.824 17.911 -57.335 -1.0454
19.874 15.043 -57.387 -1.0271
19.924 12.173 -57.438 -1.0089
19.974 9.2995 -57.488 -0.99136
20.024 6.4238 -57.537 -0.97311
20.074 3.5458 -57.585 -0.95471
20.124 0.66532 -57.633 -0.93967
# Event GROUND_HIT occurred at t=20.174 seconds
# Event SIMULATION_END occurred at t=20.174 seconds
