     0.0000000     0.0000000
     0.0500000     0.0000000
     0.1000000     0.0000000
     0.1500000     0.0000000
     0.2000000     0.0000000
     0.2500000     0.0000000
     0.3000000     0.0000000
     0.3500000     0.0000000
     0.4000000     0.0000000
     0.4500000     0.0000000
     0.5000000     0.0000000
     0.5500000     0.0000000
     0.6000000     0.0000000
     0.6500000     0.0000000
     0.7000000     0.0000000
     0.7500000     0.0000000
     0.8000000     0.0000000
     0.8500000     0.0000000
     0.9000000     0.0000000
     0.9500000     0.0000000
     1.0000000     0.0000000
     1.0500000     0.0000000
     1.1000000     0.0000000
     1.1500000     0.0000000
     1.2000000     0.0000000
     1.2500000     0.0000000
     1.3000000     0.0000000
     1.3500000     0.0000000
     1.4000000     0.0000000
     1.4500000     0.0000000
     1.5000000     0.0000000
     1.5500000     0.0000000
     1.6000000     0.0000000
     1.6500000     0.0000000
     1.7000000     0.0000000
     1.7500000     0.0000000
     1.8000000     0.0000000
     1.8500000     0.0000000
     1.9000000     0.0000000
     1.9500000     0.0000000
     2.0000000     0.0000000
     2.0500000     0.0000000
     2.1000000     0.0000000
     2.1500000     0.0000000
     2.2000000     0.0000000
     2.2500000     0.0000000
     2.3000000     0.0000000
     2.3500000     0.0000000
     2.4000000     0.0000000
     2.4500000     0.0000000
     2.5000000     0.0000000
     2.5500000     0.0000000
     2.6000000     0.0000000
     2.6500000     0.0000000
     2.7000000     0.0000000
     2.7500000     0.0000000
     2.8000000     0.0000000
     2.8500000     0.0000000
     2.9000000     0.0000000
     2.9500000     0.0000000
     3.0000000     0.0000000
     3.0500000     0.0000000
     3.1000000     0.0000000
     3.1500000     0.0000000
     3.2000000     0.0000000
     3.2500000     0.0000000
     3.3000000     0.0000000
     3.3500000     0.0000000
     3.4000000     0.0000000
     3.4500000     0.0000000
     3.5000000     0.0000000
     3.5500000     0.0000000
     3.6000000     0.0000000
     3.6500000     0.0000000
     3.7000000     0.0000000
     3.7500000     0.0000000
     3.8000000     0.0000000
     3.8500000     0.0000000
     3.9000000     0.0000000
     3.9500000     0.0000000
     4.0000000     0.0000000
     4.0500000     0.0000000
     4.1000000     0.0000000
     4.1500000     0.0000000
     4.2000000     0.0000000
     4.2500000     0.0000000
     4.3000000     0.0000000
     4.3500000     0.0000000
     4.4000000     0.0000000
     4.4500000     0.0000000
     4.5000000     0.0000000
     4.5500000     0.0000000
     4.6000000     0.0000000
     4.6500000     0.0000000
     4.7000000     0.0000000
     4.7500000     0.0000000
     4.8000000     0.0000000
     4.8500000     0.0000000
     4.9000000     0.0000000
     4.9500000     0.0000000
     5.0000000     0.0000000
     5.0500000     0.0000000
     5.1000000     0.0000000
     5.1500000     0.0000000
     5.2000000     0.0000000
     5.2500000     0.0000000
     5.3000000     0.0000000
     5.3500000     0.0000000
     5.4000000     0.0000000
     5.4500000     0.0000000
     5.5000000     0.0000000
     5.5500000     0.0000000
     5.6000000     0.0000000
     5.6500000     0.0000000
     5.7000000     0.0000000
     5.7500000     0.0000000
     5.8000000     0.0000000
     5.8500000     0.0000000
     5.9000000     0.0000000
     5.9500000     0.0000000
     6.0000000     0.0000000
     6.0500000     0.0000000
     6.1000000     0.0000000
     6.1500000     0.0000000
     6.2000000     0.0000000
     6.2500000     0.0000000
     6.3000000     0.0000000
     6.3500000     0.0000000
     6.4000000     0.0000000
     6.4500000     0.0000000
     6.5000000     0.0000000
     6.5500000     0.0000000
     6.6000000     0.0000000
     6.6500000     0.0000000
     6.7000000     0.0000000
     6.7500000     0.0000000
     6.8000000     0.0000000
     6.8500000     0.0000000
     6.9000000     0.0000000
     6.9500000     0.0000000
     7.0000000     0.0000000
     7.0500000     0.0000000
     7.1000000     0.0000000
     7.1500000     0.0000000
     7.2000000     0.0000000
     7.2500000     0.0000000
     7.3000000     0.0000000
     7.3500000     0.0000000
     7.4000000     0.0000000
     7.4500000     0.0000000
     7.5000000     0.0000000
     7.5500000     0.0000000
     7.6000000     0.0000000
     7.6500000     0.0000000
     7.7000000     0.0000000
     7.7500000     0.0000000
     7.8000000     0.0000000
     7.8500000     0.0000000
     7.9000000     0.0000000
     7.9500000     0.0000000
     8.0000000     0.0000000
     8.0500000     0.0000000
     8.1000000     0.0000000
     8.1500000     0.0000000
     8.2000000     0.0000000
     8.2500000     0.0000000
     8.3000000     0.0000000
     8.3500000     0.0000000
     8.4000000     0.0000000
     8.4500000     0.0000000
     8.5000000     0.0000000
     8.5500000     0.0000000
     8.6000000     0.0000000
     8.6500000     0.0000000
     8.7000000     0.0000000
     8.7500000     0.0000000
     8.8000000     0.0000000
     8.8500000     0.0000000
     8.9000000     0.0000000
     8.9500000     0.0000000
     9.0000000     0.0000000
     9.0500000     0.0000000
     9.1000000     0.0000000
     9.1500000     0.0000000
     9.2000000     0.0000000
     9.2500000     0.0000000
     9.3000000     0.0000000
     9.3500000     0.0000000
     9.4000000     0.0000000
     9.4500000     0.0000000
     9.5000000     0.0000000
     9.5500000     0.0000000
     9.6000000     0.0000000
     9.6500000     0.0000000
     9.7000000     0.0000000
     9.7500000     0.0000000
     9.8000000     0.0000000
     9.8500000     0.0000000
     9.9000000     0.0000000
     9.9500000     0.0000000
    10.0000000     0.0000000
    10.0500000     0.1245257
    10.1000000     0.4981028
    10.1500000     1.1207312
    10.2000000     1.9924110
    10.2500000     3.1131422
    10.3000000     4.4829248
    10.3500000     6.1017587
    10.4000000     7.9696440
    10.4500000    10.0865807
    10.5000000    12.4525688
    10.5500000    15.0676082
    10.6000000    17.9316990
    10.6500000    21.0448412
    10.7000000    24.4070348
    10.7500000    28.0182797
    10.8000000    31.8785760
    10.8500000    35.9879237
    10.9000000    40.3463228
    10.9500000    44.9537732
    11.0000000    49.8102750
    11.0500000    54.9158282
    11.1000000    60.2704328
    11.1500000    65.8740887
    11.2000000    71.7267960
    11.2500000    77.8285547
    11.3000000    84.1793648
    11.3500000    90.7792262
    11.4000000    97.6281390
    11.4500000   104.7261032
    11.5000000   112.0731188
    11.5500000   119.6691857
    11.6000000   127.5143040
    11.6500000   135.6084737
    11.7000000   143.9516948
    11.7500000   152.5439672
    11.8000000   161.3852910
    11.8500000   170.4756662
    11.9000000   179.8150928
    11.9500000   189.4035707
    12.0000000   199.2411000
    12.0500000   209.3276807
    12.1000000   219.6633128
    12.1500000   230.2479962
    12.2000000   241.0817310
    12.2500000   252.1645172
    12.3000000   263.4963548
    12.3500000   275.0772437
    12.4000000   286.9071840
    12.4500000   298.9861757
    12.5000000   311.3142188
    12.5500000   323.8913132
    12.6000000   336.7174590
    12.6500000   349.7926562
    12.7000000   363.1169048
    12.7500000   376.6902047
    12.8000000   390.5125560
    12.8500000   404.5839587
    12.9000000   418.9044128
    12.9500000   433.4739182
    13.0000000   448.2924750
    13.0500000   463.2232950
    13.1000000   478.1295900
    13.1500000   493.0113600
    13.2000000   507.8686050
    13.2500000   522.7013250
    13.3000000   537.5095200
    13.3500000   552.2931900
    13.4000000   567.0523350
    13.4500000   581.7869550
    13.5000000   596.4970500
    13.5500000   611.1826200
    13.6000000   625.8436650
    13.6500000   640.4801850
    13.7000000   655.0921800
    13.7500000   669.6796500
    13.8000000   684.2425950
    13.8500000   698.7810150
    13.9000000   713.2949100
    13.9500000   727.7842800
    14.0000000   742.2491250
    14.0500000   756.6894450
    14.1000000   771.1052400
    14.1500000   785.4965100
    14.2000000   799.8632550
    14.2500000   814.2054750
    14.3000000   828.5231700
    14.3500000   842.8163400
    14.4000000   857.0849850
    14.4500000   871.3291050
    14.5000000   885.5487000
    14.5500000   899.7437700
    14.6000000   913.9143150
    14.6500000   928.0603350
    14.7000000   942.1818300
    14.7500000   956.2788000
    14.8000000   970.3512450
    14.8500000   984.3991650
    14.9000000   998.4225600
    14.9500000  1012.4214300
    15.0000000  1026.3957750
    15.0500000  1040.3455950
    15.1000000  1054.2708900
    15.1500000  1068.1716600
    15.2000000  1082.0479050
    15.2500000  1095.8996250
    15.3000000  1109.7268200
    15.3500000  1123.5294900
    15.4000000  1137.3076350
    15.4500000  1151.0612550
    15.5000000  1164.7903500
    15.5500000  1178.4949200
    15.6000000  1192.1749650
    15.6500000  1205.8304850
    15.7000000  1219.4614800
    15.7500000  1233.0679500
    15.8000000  1246.6498950
    15.8500000  1260.2073150
    15.9000000  1273.7402100
    15.9500000  1287.2485800
    16.0000000  1300.7324250
    16.0500000  1314.1917450
    16.1000000  1327.6265400
    16.1500000  1341.0368100
    16.2000000  1354.4225550
    16.2500000  1367.7837750
    16.3000000  1381.1204700
    16.3500000  1394.4326400
    16.4000000  1407.7202850
    16.4500000  1420.9834050
    16.5000000  1434.2220000
    16.5500000  1447.4360700
    16.6000000  1460.6256150
    16.6500000  1473.7906350
    16.7000000  1486.9311300
    16.7500000  1500.0471000
    16.8000000  1513.1385450
    16.8500000  1526.2054650
    16.9000000  1539.2478600
    16.9500000  1552.2657300
    17.0000000  1565.2590750
    17.0500000  1578.2278950
    17.1000000  1591.1721900
    17.1500000  1604.0919600
    17.2000000  1616.9872050
    17.2500000  1629.8579250
    17.3000000  1642.7041200
    17.3500000  1655.5257900
    17.4000000  1668.3229350
    17.4500000  1681.0955550
    17.5000000  1693.8436500
    17.5500000  1706.5672200
    17.6000000  1719.2662650
    17.6500000  1731.9407850
    17.7000000  1744.5907800
    17.7500000  1757.2162500
    17.8000000  1769.8171950
    17.8500000  1782.3936150
    17.9000000  1794.9455100
    17.9500000  1807.4728800
    18.0000000  1819.9757250
    18.0500000  1832.4540450
    18.1000000  1844.9078400
    18.1500000  1857.3371100
    18.2000000  1869.7418550
    18.2500000  1882.1220750
    18.3000000  1894.4777700
    18.3500000  1906.8089400
    18.4000000  1919.1155850
    18.4500000  1931.3977050
    18.5000000  1943.6553000
    18.5500000  1955.8883700
    18.6000000  1968.0969150
    18.6500000  1980.2809350
    18.7000000  1992.4404300
    18.7500000  2004.5754000
    18.8000000  2016.6858450
    18.8500000  2028.7717650
    18.9000000  2040.8331600
    18.9500000  2052.8700300
    19.0000000  2064.8823750
    19.0500000  2076.8701950
    19.1000000  2088.8334900
    19.1500000  2100.7722600
    19.2000000  2112.6865050
    19.2500000  2124.5762250
    19.3000000  2136.4414200
    19.3500000  2148.2820900
    19.4000000  2160.0982350
    19.4500000  2171.8898550
    19.5000000  2183.6569500
    19.5500000  2195.3995200
    19.6000000  2207.1175650
    19.6500000  2218.8110850
    19.7000000  2230.4800800
    19.7500000  2242.1245500
    19.8000000  2253.7444950
    19.8500000  2265.3399150
    19.9000000  2276.9108100
    19.9500000  2288.4571800
    20.0000000  2299.9790250
    20.0500000  2311.4763450
    20.1000000  2322.9491400
    20.1500000  2334.3974100
    20.2000000  2345.8211550
    20.2500000  2357.2203750
    20.3000000  2368.5950700
    20.3500000  2379.9452400
    20.4000000  2391.2708850
    20.4500000  2402.5720050
    20.5000000  2413.8486000
    20.5500000  2425.1006700
    20.6000000  2436.3282150
    20.6500000  2447.5312350
    20.7000000  2458.7097300
    20.7500000  2469.8637000
    20.8000000  2480.9931450
    20.8500000  2492.0980650
    20.9000000  2503.1784600
    20.9500000  2514.2343300
    21.0000000  2525.2656750
    21.0500000  2536.2724950
    21.1000000  2547.2547900
    21.1500000  2558.2125600
    21.2000000  2569.1458050
    21.2500000  2580.0545250
    21.3000000  2590.9387200
    21.3500000  2601.7983900
    21.4000000  2612.6335350
    21.4500000  2623.4441550
    21.5000000  2634.2302500
    21.5500000  2644.9918200
    21.6000000  2655.7288650
    21.6500000  2666.4413850
    21.7000000  2677.1293800
    21.7500000  2687.7928500
    21.8000000  2698.4317950
    21.8500000  2709.0462150
    21.9000000  2719.6361100
    21.9500000  2730.2014800
    22.0000000  2740.7423250
    22.0500000  2751.2586450
    22.1000000  2761.7504400
    22.1500000  2772.2177100
    22.2000000  2782.6604550
    22.2500000  2793.0786750
    22.3000000  2803.4723700
    22.3500000  2813.8415400
    22.4000000  2824.1861850
    22.4500000  2834.5063050
    22.5000000  2844.8019000
    22.5500000  2855.0729700
    22.6000000  2865.3195150
    22.6500000  2875.5415350
    22.7000000  2885.7390300
    22.7500000  2895.9120000
    22.8000000  2906.0604450
    22.8500000  2916.1843650
    22.9000000  2926.2837600
    22.9500000  2936.3586300
    23.0000000  2946.4089750
    23.0500000  2956.4347950
    23.1000000  2966.4360900
    23.1500000  2976.4128600
    23.2000000  2986.3651050
    23.2500000  2996.2928250
    23.3000000  3006.1960200
    23.3500000  3016.0746900
    23.4000000  3025.9288350
    23.4500000  3035.7584550
    23.5000000  3045.5635500
    23.5500000  3055.3441200
    23.6000000  3065.1001650
    23.6500000  3074.8316850
    23.7000000  3084.5386800
    23.7500000  3094.2211500
    23.8000000  3103.8790950
    23.8500000  3113.5125150
    23.9000000  3123.1214100
    23.9500000  3132.7057800
    24.0000000  3142.2656250
    24.0500000  3151.8009450
    24.1000000  3161.3117400
    24.1500000  3170.7980100
    24.2000000  3180.2597550
    24.2500000  3189.6969750
    24.3000000  3199.1096700
    24.3500000  3208.4978400
    24.4000000  3217.8614850
    24.4500000  3227.2006050
    24.5000000  3236.5152000
    24.5500000  3245.8052700
    24.6000000  3255.0708150
    24.6500000  3264.3118350
    24.7000000  3273.5283300
    24.7500000  3282.7203000
    24.8000000  3291.8877450
    24.8500000  3301.0306650
    24.9000000  3310.1490600
    24.9500000  3319.2429300
    25.0000000  3328.3122750
    25.0500000  3337.3570950
    25.1000000  3346.3773900
    25.1500000  3355.3731600
    25.2000000  3364.3444050
    25.2500000  3373.2911250
    25.3000000  3382.2133200
    25.3500000  3391.1109900
    25.4000000  3399.9841350
    25.4500000  3408.8327550
    25.5000000  3417.6568500
    25.5500000  3426.4564200
    25.6000000  3435.2314650
    25.6500000  3443.9819850
    25.7000000  3452.7079800
    25.7500000  3461.4094500
    25.8000000  3470.0863950
    25.8500000  3478.7388150
    25.9000000  3487.3667100
    25.9500000  3495.9700800
    26.0000000  3504.5489250
    26.0500000  3513.1032450
    26.1000000  3521.6330400
    26.1500000  3530.1383100
    26.2000000  3538.6190550
    26.2500000  3547.0752750
    26.3000000  3555.5069700
    26.3500000  3563.9141400
    26.4000000  3572.2967850
    26.4500000  3580.6549050
    26.5000000  3588.9885000
    26.5500000  3597.2975700
    26.6000000  3605.5821150
    26.6500000  3613.8421350
    26.7000000  3622.0776300
    26.7500000  3630.2886000
    26.8000000  3638.4750450
    26.8500000  3646.6369650
    26.9000000  3654.7743600
    26.9500000  3662.8872300
    27.0000000  3670.9755750
    27.0500000  3679.0393950
    27.1000000  3687.0786900
    27.1500000  3695.0934600
    27.2000000  3703.0837050
    27.2500000  3711.0494250
    27.3000000  3718.9906200
    27.3500000  3726.9072900
    27.4000000  3734.7994350
    27.4500000  3742.6670550
    27.5000000  3750.5101500
    27.5500000  3758.3287200
    27.6000000  3766.1227650
    27.6500000  3773.8922850
    27.7000000  3781.6372800
    27.7500000  3789.3577500
    27.8000000  3797.0536950
    27.8500000  3804.7251150
    27.9000000  3812.3720100
    27.9500000  3819.9943800
    28.0000000  3827.5922250
    28.0500000  3835.1655450
    28.1000000  3842.7143400
    28.1500000  3850.2386100
    28.2000000  3857.7383550
    28.2500000  3865.2135750
    28.3000000  3872.6642700
    28.3500000  3880.0904400
    28.4000000  3887.4920850
    28.4500000  3894.8692050
    28.5000000  3902.2218000
    28.5500000  3909.5498700
    28.6000000  3916.8534150
    28.6500000  3924.1324350
    28.7000000  3931.3869300
    28.7500000  3938.6169000
    28.8000000  3945.8223450
    28.8500000  3953.0032650
    28.9000000  3960.1596600
    28.9500000  3967.2915300
    29.0000000  3974.3988750
    29.0500000  3981.4816950
    29.1000000  3988.5399900
    29.1500000  3995.5737600
    29.2000000  4002.5830050
    29.2500000  4009.5677250
    29.3000000  4016.5279200
    29.3500000  4023.4635900
    29.4000000  4030.3747350
    29.4500000  4037.2613550
    29.5000000  4044.1234500
    29.5500000  4050.9610200
    29.6000000  4057.7740650
    29.6500000  4064.5625850
    29.7000000  4071.3265800
    29.7500000  4078.0660500
    29.8000000  4084.7809950
    29.8500000  4091.4714150
    29.9000000  4098.1373100
    29.9500000  4104.7786800
    30.0000000  4111.3955250
    30.0500000  4117.9878450
    30.1000000  4124.5556400
    30.1500000  4131.0989100
    30.2000000  4137.6176550
    30.2500000  4144.1118750
    30.3000000  4150.5815700
    30.3500000  4157.0267400
    30.4000000  4163.4473850
    30.4500000  4169.8435050
    30.5000000  4176.2151000
    30.5500000  4182.5621700
    30.6000000  4188.8847150
    30.6500000  4195.1827350
    30.7000000  4201.4562300
    30.7500000  4207.7052000
    30.8000000  4213.9296450
    30.8500000  4220.1295650
    30.9000000  4226.3049600
    30.9500000  4232.4558300
    31.0000000  4238.5821750
    31.0500000  4244.6839950
    31.1000000  4250.7612900
    31.1500000  4256.8140600
    31.2000000  4262.8423050
    31.2500000  4268.8460250
    31.3000000  4274.8252200
    31.3500000  4280.7798900
    31.4000000  4286.7100350
    31.4500000  4292.6156550
    31.5000000  4298.4967500
    31.5500000  4304.3533200
    31.6000000  4310.1853650
    31.6500000  4315.9928850
    31.7000000  4321.7758800
    31.7500000  4327.5343500
    31.8000000  4333.2682950
    31.8500000  4338.9777150
    31.9000000  4344.6626100
    31.9500000  4350.3229800
    32.0000000  4355.9588250
    32.0500000  4361.5701450
    32.1000000  4367.1569400
    32.1500000  4372.7192100
    32.2000000  4378.2569550
    32.2500000  4383.7701750
    32.3000000  4389.2588700
    32.3500000  4394.7230400
    32.4000000  4400.1626850
    32.4500000  4405.5778050
    32.5000000  4410.9684000
    32.5500000  4416.3344700
    32.6000000  4421.6760150
    32.6500000  4426.9930350
    32.7000000  4432.2855300
    32.7500000  4437.5535000
    32.8000000  4442.7969450
    32.8500000  4448.0158650
    32.9000000  4453.2102600
    32.9500000  4458.3801300
    33.0000000  4463.5254750
    33.0500000  4468.6462950
    33.1000000  4473.7425900
    33.1500000  4478.8143600
    33.2000000  4483.8616050
    33.2500000  4488.8843250
    33.3000000  4493.8825200
    33.3500000  4498.8561900
    33.4000000  4503.8053350
    33.4500000  4508.7299550
    33.5000000  4513.6300500
    33.5500000  4518.5056200
    33.6000000  4523.3566650
    33.6500000  4528.1831850
    33.7000000  4532.9851800
    33.7500000  4537.7626500
    33.8000000  4542.5155950
    33.8500000  4547.2440150
    33.9000000  4551.9479100
    33.9500000  4556.6272800
    34.0000000  4561.2821250
    34.0500000  4565.9124450
    34.1000000  4570.5182400
    34.1500000  4575.0995100
    34.2000000  4579.6562550
    34.2500000  4584.1884750
    34.3000000  4588.6961700
    34.3500000  4593.1793400
    34.4000000  4597.6379850
    34.4500000  4602.0721050
    34.5000000  4606.4817000
    34.5500000  4610.8667700
    34.6000000  4615.2273150
    34.6500000  4619.5633350
    34.7000000  4623.8748300
    34.7500000  4628.1618000
    34.8000000  4632.4242450
    34.8500000  4636.6621650
    34.9000000  4640.8755600
    34.9500000  4645.0644300
    35.0000000  4649.2287750
    35.0500000  4653.3685950
    35.1000000  4657.4838900
    35.1500000  4661.5746600
    35.2000000  4665.6409050
    35.2500000  4669.6826250
    35.3000000  4673.6998200
    35.3500000  4677.6924900
    35.4000000  4681.6606350
    35.4500000  4685.6042550
    35.5000000  4689.5233500
    35.5500000  4693.4179200
    35.6000000  4697.2879650
    35.6500000  4701.1334850
    35.7000000  4704.9544800
    35.7500000  4708.7509500
    35.8000000  4712.5228950
    35.8500000  4716.2703150
    35.9000000  4719.9932100
    35.9500000  4723.6915800
    36.0000000  4727.3654250
    36.0500000  4731.0147450
    36.1000000  4734.6395400
    36.1500000  4738.2398100
    36.2000000  4741.8155550
    36.2500000  4745.3667750
    36.3000000  4748.8934700
    36.3500000  4752.3956400
    36.4000000  4755.8732850
    36.4500000  4759.3264050
    36.5000000  4762.7550000
    36.5500000  4766.1590700
    36.6000000  4769.5386150
    36.6500000  4772.8936350
    36.7000000  4776.2241300
    36.7500000  4779.5301000
    36.8000000  4782.8115450
    36.8500000  4786.0684650
    36.9000000  4789.3008600
    36.9500000  4792.5087300
    37.0000000  4795.6920750
    37.0500000  4798.8508950
    37.1000000  4801.9851900
    37.1500000  4805.0949600
    37.2000000  4808.1802050
    37.2500000  4811.2409250
    37.3000000  4814.2771200
    37.3500000  4817.2887900
    37.4000000  4820.2759350
    37.4500000  4823.2385550
    37.5000000  4826.1766500
    37.5500000  4829.0902200
    37.6000000  4831.9792650
    37.6500000  4834.8437850
    37.7000000  4837.6837800
    37.7500000  4840.4992500
    37.8000000  4843.2901950
    37.8500000  4846.0566150
    37.9000000  4848.7985100
    37.9500000  4851.5158800
    38.0000000  4854.2087250
    38.0500000  4856.8770450
    38.1000000  4859.5208400
    38.1500000  4862.1401100
    38.2000000  4864.7348550
    38.2500000  4867.3050750
    38.3000000  4869.8507700
    38.3500000  4872.3719400
    38.4000000  4874.8685850
    38.4500000  4877.3407050
    38.5000000  4879.7883000
    38.5500000  4882.2113700
    38.6000000  4884.6099150
    38.6500000  4886.9839350
    38.7000000  4889.3334300
    38.7500000  4891.6584000
    38.8000000  4893.9588450
    38.8500000  4896.2347650
    38.9000000  4898.4861600
    38.9500000  4900.7130300
    39.0000000  4902.9153750
    39.0500000  4905.0931950
    39.1000000  4907.2464900
    39.1500000  4909.3752600
    39.2000000  4911.4795050
    39.2500000  4913.5592250
    39.3000000  4915.6144200
    39.3500000  4917.6450900
    39.4000000  4919.6512350
    39.4500000  4921.6328550
    39.5000000  4923.5899500
    39.5500000  4925.5225200
    39.6000000  4927.4305650
    39.6500000  4929.3140850
    39.7000000  4931.1730800
    39.7500000  4933.0075500
    39.8000000  4934.8174950
    39.8500000  4936.6029150
    39.9000000  4938.3638100
    39.9500000  4940.1001800
    40.0000000  4941.8120250
    40.0500000  4943.4993450
    40.1000000  4945.1621400
    40.1500000  4946.8004100
    40.2000000  4948.4141550
    40.2500000  4950.0033750
    40.3000000  4951.5680700
    40.3500000  4953.1082400
    40.4000000  4954.6238850
    40.4500000  4956.1150050
    40.5000000  4957.5816000
    40.5500000  4959.0236700
    40.6000000  4960.4412150
    40.6500000  4961.8342350
    40.7000000  4963.2027300
    40.7500000  4964.5467000
    40.8000000  4965.8661450
    40.8500000  4967.1610650
    40.9000000  4968.4314600
    40.9500000  4969.6773300
    41.0000000  4970.8986750
    41.0500000  4972.0954950
    41.1000000  4973.2677900
    41.1500000  4974.4155600
    41.2000000  4975.5388050
    41.2500000  4976.6375250
    41.3000000  4977.7117200
    41.3500000  4978.7613900
    41.4000000  4979.7865350
    41.4500000  4980.7871550
    41.5000000  4981.7632500
    41.5500000  4982.7148200
    41.6000000  4983.6418650
    41.6500000  4984.5443850
    41.7000000  4985.4223800
    41.7500000  4986.2758500
    41.8000000  4987.1047950
    41.8500000  4987.9092150
    41.9000000  4988.6891100
    41.9500000  4989.4444800
    42.0000000  4990.1753250
    42.0500000  4990.8816450
    42.1000000  4991.5634400
    42.1500000  4992.2207100
    42.2000000  4992.8534550
    42.2500000  4993.4616750
    42.3000000  4994.0453700
    42.3500000  4994.6045400
    42.4000000  4995.1391850
    42.4500000  4995.6493050
    42.5000000  4996.1349000
    42.5500000  4996.5959700
    42.6000000  4997.0325150
    42.6500000  4997.4445350
    42.7000000  4997.8320300
    42.7500000  4998.1950000
    42.8000000  4998.5334450
    42.8500000  4998.8473650
    42.9000000  4999.1367600
    42.9500000  4999.4016300
    43.0000000  4999.6419750
    43.0500000  4999.8577950
    43.1000000  5000.0490900
    43.1500000  5000.2158600
    43.2000000  5000.3581050
    43.2500000  5000.4758250
    43.3000000  5000.5690200
    43.3500000  5000.6376900
    43.4000000  5000.6818350
    43.4500000  5000.7014550
    43.5000000  5000.6965500
    43.5500000  5000.6671200
    43.6000000  5000.6131650
    43.6500000  5000.5346850
    43.7000000  5000.4316800
    43.7500000  5000.3041500
    43.8000000  5000.1520950
    43.8500000  4999.9755150
    43.9000000  4999.7744100
    43.9500000  4999.5487800
    44.0000000  4999.2986250
    44.0500000  4999.0239450
    44.1000000  4998.7247400
    44.1500000  4998.4010100
    44.2000000  4998.0527550
    44.2500000  4997.6799750
    44.3000000  4997.2826700
    44.3500000  4996.8608400
    44.4000000  4996.4144850
    44.4500000  4995.9436050
    44.5000000  4995.4482000
    44.5500000  4994.9282700
    44.6000000  4994.3838150
    44.6500000  4993.8148350
    44.7000000  4993.2213300
    44.7500000  4992.6033000
    44.8000000  4991.9607450
    44.8500000  4991.2936650
    44.9000000  4990.6020600
    44.9500000  4989.8859300
    45.0000000  4989.1452750
    45.0500000  4988.3800950
    45.1000000  4987.5903900
    45.1500000  4986.7761600
    45.2000000  4985.9374050
    45.2500000  4985.0741250
    45.3000000  4984.1863200
    45.3500000  4983.2739900
    45.4000000  4982.3371350
    45.4500000  4981.3757550
    45.5000000  4980.3898500
    45.5500000  4979.3794200
    45.6000000  4978.3444650
    45.6500000  4977.2849850
    45.7000000  4976.2009800
    45.7500000  4975.0924500
    45.8000000  4973.9593950
    45.8500000  4972.8018150
    45.9000000  4971.6197100
    45.9500000  4970.4130800
    46.0000000  4969.1819250
    46.0500000  4967.9262450
    46.1000000  4966.6460400
    46.1500000  4965.3413100
    46.2000000  4964.0120550
    46.2500000  4962.6582750
    46.3000000  4961.2799700
    46.3500000  4959.8771400
    46.4000000  4958.4497850
    46.4500000  4956.9979050
    46.5000000  4955.5215000
    46.5500000  4954.0205700
    46.6000000  4952.4951150
    46.6500000  4950.9451350
    46.7000000  4949.3706300
    46.7500000  4947.7716000
    46.8000000  4946.1480450
    46.8500000  4944.4999650
    46.9000000  4942.8273600
    46.9500000  4941.1302300
    47.0000000  4939.4085750
    47.0500000  4937.6623950
    47.1000000  4935.8916900
    47.1500000  4934.0964600
    47.2000000  4932.2767050
    47.2500000  4930.4324250
    47.3000000  4928.5636200
    47.3500000  4926.6702900
    47.4000000  4924.7524350
    47.4500000  4922.8100550
    47.5000000  4920.8431500
    47.5500000  4918.8517200
    47.6000000  4916.8357650
    47.6500000  4914.7952850
    47.7000000  4912.7302800
    47.7500000  4910.6407500
    47.8000000  4908.5266950
    47.8500000  4906.3881150
    47.9000000  4904.2250100
    47.9500000  4902.0373800
    48.0000000  4899.8252250
    48.0500000  4897.5885450
    48.1000000  4895.3273400
    48.1500000  4893.0416100
    48.2000000  4890.7313550
    48.2500000  4888.3965750
    48.3000000  4886.0372700
    48.3500000  4883.6534400
    48.4000000  4881.2450850
    48.4500000  4878.8122050
    48.5000000  4876.3548000
    48.5500000  4873.8728700
    48.6000000  4871.3664150
    48.6500000  4868.8354350
    48.7000000  4866.2799300
    48.7500000  4863.6999000
    48.8000000  4861.0953450
    48.8500000  4858.4662650
    48.9000000  4855.8126600
    48.9500000  4853.1345300
    49.0000000  4850.4318750
    49.0500000  4847.7046950
    49.1000000  4844.9529900
    49.1500000  4842.1767600
    49.2000000  4839.3760050
    49.2500000  4836.5507250
    49.3000000  4833.7009200
    49.3500000  4830.8265900
    49.4000000  4827.9277350
    49.4500000  4825.0043550
    49.5000000  4822.0564500
    49.5500000  4819.0840200
    49.6000000  4816.0870650
    49.6500000  4813.0655850
    49.7000000  4810.0195800
    49.7500000  4806.9490500
    49.8000000  4803.8539950
    49.8500000  4800.7344150
    49.9000000  4797.5903100
    49.9500000  4794.4216800
    50.0000000  4791.2285250
    50.0500000  4788.0108450
    50.1000000  4784.7686400
    50.1500000  4781.5019100
    50.2000000  4778.2106550
    50.2500000  4774.8948750
    50.3000000  4771.5545700
    50.3500000  4768.1897400
    50.4000000  4764.8003850
    50.4500000  4761.3865050
    50.5000000  4757.9481000
    50.5500000  4754.4851700
    50.6000000  4750.9977150
    50.6500000  4747.4857350
    50.7000000  4743.9492300
    50.7500000  4740.3882000
    50.8000000  4736.8026450
    50.8500000  4733.1925650
    50.9000000  4729.5579600
    50.9500000  4725.8988300
    51.0000000  4722.2151750
    51.0500000  4718.5069950
    51.1000000  4714.7742900
    51.1500000  4711.0170600
    51.2000000  4707.2353050
    51.2500000  4703.4290250
    51.3000000  4699.5982200
    51.3500000  4695.7428900
    51.4000000  4691.8630350
    51.4500000  4687.9586550
    51.5000000  4684.0297500
    51.5500000  4680.0763200
    51.6000000  4676.0983650
    51.6500000  4672.0958850
    51.7000000  4668.0688800
    51.7500000  4664.0173500
    51.8000000  4659.9412950
    51.8500000  4655.8407150
    51.9000000  4651.7156100
    51.9500000  4647.5659800
    52.0000000  4643.3918250
    52.0500000  4639.1931450
    52.1000000  4634.9699400
    52.1500000  4630.7222100
    52.2000000  4626.4499550
    52.2500000  4622.1531750
    52.3000000  4617.8318700
    52.3500000  4613.4860400
    52.4000000  4609.1156850
    52.4500000  4604.7208050
    52.5000000  4600.3014000
    52.5500000  4595.8574700
    52.6000000  4591.3890150
    52.6500000  4586.8960350
    52.7000000  4582.3785300
    52.7500000  4577.8365000
    52.8000000  4573.2699450
    52.8500000  4568.6788650
    52.9000000  4564.0632600
    52.9500000  4559.4231300
    53.0000000  4554.7584750
    53.0500000  4550.0692950
    53.1000000  4545.3555900
    53.1500000  4540.6173600
    53.2000000  4535.8546050
    53.2500000  4531.0673250
    53.3000000  4526.2555200
    53.3500000  4521.4191900
    53.4000000  4516.5583350
    53.4500000  4511.6729550
    53.5000000  4506.7630500
    53.5500000  4501.8286200
    53.6000000  4496.8696650
    53.6500000  4491.8861850
    53.7000000  4486.8781800
    53.7500000  4481.8456500
    53.8000000  4476.7885950
    53.8500000  4471.7070150
    53.9000000  4466.6009100
    53.9500000  4461.4702800
    54.0000000  4456.3151250
    54.0500000  4451.1354450
    54.1000000  4445.9312400
    54.1500000  4440.7025100
    54.2000000  4435.4492550
    54.2500000  4430.1714750
    54.3000000  4424.8691700
    54.3500000  4419.5423400
    54.4000000  4414.1909850
    54.4500000  4408.8151050
    54.5000000  4403.4147000
    54.5500000  4397.9897700
    54.6000000  4392.5403150
    54.6500000  4387.0663350
    54.7000000  4381.5678300
    54.7500000  4376.0448000
    54.8000000  4370.4972450
    54.8500000  4364.9251650
    54.9000000  4359.3285600
    54.9500000  4353.7074300
    55.0000000  4348.0617750
    55.0500000  4342.3915950
    55.1000000  4336.6968900
    55.1500000  4330.9776600
    55.2000000  4325.2339050
    55.2500000  4319.4656250
    55.3000000  4313.6728200
    55.3500000  4307.8554900
    55.4000000  4302.0136350
    55.4500000  4296.1472550
    55.5000000  4290.2563500
    55.5500000  4284.3409200
    55.6000000  4278.4009650
    55.6500000  4272.4364850
    55.7000000  4266.4474800
    55.7500000  4260.4339500
    55.8000000  4254.3958950
    55.8500000  4248.3333150
    55.9000000  4242.2462100
    55.9500000  4236.1345800
    56.0000000  4229.9984250
    56.0500000  4223.8377450
    56.1000000  4217.6525400
    56.1500000  4211.4428100
    56.2000000  4205.2085550
    56.2500000  4198.9497750
    56.3000000  4192.6664700
    56.3500000  4186.3586400
    56.4000000  4180.0262850
    56.4500000  4173.6694050
    56.5000000  4167.2880000
    56.5500000  4160.8820700
    56.6000000  4154.4516150
    56.6500000  4147.9966350
    56.7000000  4141.5171300
    56.7500000  4135.0131000
    56.8000000  4128.4845450
    56.8500000  4121.9314650
    56.9000000  4115.3538600
    56.9500000  4108.7517300
    57.0000000  4102.1250750
    57.0500000  4095.4738950
    57.1000000  4088.7981900
    57.1500000  4082.0979600
    57.2000000  4075.3732050
    57.2500000  4068.6239250
    57.3000000  4061.8501200
    57.3500000  4055.0517900
    57.4000000  4048.2289350
    57.4500000  4041.3815550
    57.5000000  4034.5096500
    57.5500000  4027.6132200
    57.6000000  4020.6922650
    57.6500000  4013.7467850
    57.7000000  4006.7767800
    57.7500000  3999.7822500
    57.8000000  3992.7631950
    57.8500000  3985.7196150
    57.9000000  3978.6515100
    57.9500000  3971.5588800
    58.0000000  3964.4417250
    58.0500000  3957.3000450
    58.1000000  3950.1338400
    58.1500000  3942.9431100
    58.2000000  3935.7278550
    58.2500000  3928.4880750
    58.3000000  3921.2237700
    58.3500000  3913.9349400
    58.4000000  3906.6215850
    58.4500000  3899.2837050
    58.5000000  3891.9213000
    58.5500000  3884.5343700
    58.6000000  3877.1229150
    58.6500000  3869.6869350
    58.7000000  3862.2264300
    58.7500000  3854.7414000
    58.8000000  3847.2318450
    58.8500000  3839.6977650
    58.9000000  3832.1391600
    58.9500000  3824.5560300
    59.0000000  3816.9483750
    59.0500000  3809.3161950
    59.1000000  3801.6594900
    59.1500000  3793.9782600
    59.2000000  3786.2725050
    59.2500000  3778.5422250
    59.3000000  3770.7874200
    59.3500000  3763.0080900
    59.4000000  3755.2042350
    59.4500000  3747.3758550
    59.5000000  3739.5229500
    59.5500000  3731.6455200
    59.6000000  3723.7435650
    59.6500000  3715.8170850
    59.7000000  3707.8660800
    59.7500000  3699.8905500
    59.8000000  3691.8904950
    59.8500000  3683.8659150
    59.9000000  3675.8168100
    59.9500000  3667.7431800
    60.0000000  3659.6450250
    60.0500000  3651.5223450
    60.1000000  3643.3751400
    60.1500000  3635.2034100
    60.2000000  3627.0071550
    60.2500000  3618.7863750
    60.3000000  3610.5410700
    60.3500000  3602.2712400
    60.4000000  3593.9768850
    60.4500000  3585.6580050
    60.5000000  3577.3146000
    60.5500000  3568.9466700
    60.6000000  3560.5542150
    60.6500000  3552.1372350
    60.7000000  3543.6957300
    60.7500000  3535.2297000
    60.8000000  3526.7391450
    60.8500000  3518.2240650
    60.9000000  3509.6844600
    60.9500000  3501.1203300
    61.0000000  3492.5316750
    61.0500000  3483.9184950
    61.1000000  3475.2807900
    61.1500000  3466.6185600
    61.2000000  3457.9318050
    61.2500000  3449.2205250
    61.3000000  3440.4847200
    61.3500000  3431.7243900
    61.4000000  3422.9395350
    61.4500000  3414.1301550
    61.5000000  3405.2962500
    61.5500000  3396.4378200
    61.6000000  3387.5548650
    61.6500000  3378.6473850
    61.7000000  3369.7153800
    61.7500000  3360.7588500
    61.8000000  3351.7777950
    61.8500000  3342.7722150
    61.9000000  3333.7421100
    61.9500000  3324.6874800
    62.0000000  3315.6083250
    62.0500000  3306.5046450
    62.1000000  3297.3764400
    62.1500000  3288.2237100
    62.2000000  3279.0464550
    62.2500000  3269.8446750
    62.3000000  3260.6183700
    62.3500000  3251.3675400
    62.4000000  3242.0921850
    62.4500000  3232.7923050
    62.5000000  3223.4679000
    62.5500000  3214.1189700
    62.6000000  3204.7455150
    62.6500000  3195.3475350
    62.7000000  3185.9250300
    62.7500000  3176.4780000
    62.8000000  3167.0064450
    62.8500000  3157.5103650
    62.9000000  3147.9897600
    62.9500000  3138.4446300
    63.0000000  3128.8749750
    63.0500000  3119.2807950
    63.1000000  3109.6620900
    63.1500000  3100.0188600
    63.2000000  3090.3511050
    63.2500000  3080.6588250
    63.3000000  3070.9420200
    63.3500000  3061.2006900
    63.4000000  3051.4348350
    63.4500000  3041.6444550
    63.5000000  3031.8295500
    63.5500000  3021.9901200
    63.6000000  3012.1261650
    63.6500000  3002.2376850
    63.7000000  2992.3246800
    63.7500000  2982.3871500
    63.8000000  2972.4250950
    63.8500000  2962.4385150
    63.9000000  2952.4274100
    63.9500000  2942.3917800
    64.0000000  2932.3316250
    64.0500000  2922.2469450
    64.1000000  2912.1377400
    64.1500000  2902.0040100
    64.2000000  2891.8457550
    64.2500000  2881.6629750
    64.3000000  2871.4556700
    64.3500000  2861.2238400
    64.4000000  2850.9674850
    64.4500000  2840.6866050
    64.5000000  2830.3812000
    64.5500000  2820.0512700
    64.6000000  2809.6968150
    64.6500000  2799.3178350
    64.7000000  2788.9143300
    64.7500000  2778.4863000
    64.8000000  2768.0337450
    64.8500000  2757.5566650
    64.9000000  2747.0550600
    64.9500000  2736.5289300
    65.0000000  2725.9782750
    65.0500000  2715.4030950
    65.1000000  2704.8033900
    65.1500000  2694.1791600
    65.2000000  2683.5304050
    65.2500000  2672.8571250
    65.3000000  2662.1593200
    65.3500000  2651.4369900
    65.4000000  2640.6901350
    65.4500000  2629.9187550
    65.5000000  2619.1228500
    65.5500000  2608.3024200
    65.6000000  2597.4574650
    65.6500000  2586.5879850
    65.7000000  2575.6939800
    65.7500000  2564.7754500
    65.8000000  2553.8323950
    65.8500000  2542.8648150
    65.9000000  2531.8727100
    65.9500000  2520.8560800
    66.0000000  2509.8149250
    66.0500000  2498.7492450
    66.1000000  2487.6590400
    66.1500000  2476.5443100
    66.2000000  2465.4050550
    66.2500000  2454.2412750
    66.3000000  2443.0529700
    66.3500000  2431.8401400
    66.4000000  2420.6027850
    66.4500000  2409.3409050
    66.5000000  2398.0545000
    66.5500000  2386.7435700
    66.6000000  2375.4081150
    66.6500000  2364.0481350
    66.7000000  2352.6636300
    66.7500000  2341.2546000
    66.8000000  2329.8210450
    66.8500000  2318.3629650
    66.9000000  2306.8803600
    66.9500000  2295.3732300
    67.0000000  2283.8415750
    67.0500000  2272.2853950
    67.1000000  2260.7046900
    67.1500000  2249.0994600
    67.2000000  2237.4697050
    67.2500000  2225.8154250
    67.3000000  2214.1366200
    67.3500000  2202.4332900
    67.4000000  2190.7054350
    67.4500000  2178.9530550
    67.5000000  2167.1761500
    67.5500000  2155.3747200
    67.6000000  2143.5487650
    67.6500000  2131.6982850
    67.7000000  2119.8232800
    67.7500000  2107.9237500
    67.8000000  2095.9996950
    67.8500000  2084.0511150
    67.9000000  2072.0780100
    67.9500000  2060.0803800
    68.0000000  2048.0582250
    68.0500000  2036.0115450
    68.1000000  2023.9403400
    68.1500000  2011.8446100
    68.2000000  1999.7243550
    68.2500000  1987.5795750
    68.3000000  1975.4102700
    68.3500000  1963.2164400
    68.4000000  1950.9980850
    68.4500000  1938.7552050
    68.5000000  1926.4878000
    68.5500000  1914.1958700
    68.6000000  1901.8794150
    68.6500000  1889.5384350
    68.7000000  1877.1729300
    68.7500000  1864.7829000
    68.8000000  1852.3683450
    68.8500000  1839.9292650
    68.9000000  1827.4656600
    68.9500000  1814.9775300
    69.0000000  1802.4648750
    69.0500000  1789.9276950
    69.1000000  1777.3659900
    69.1500000  1764.7797600
    69.2000000  1752.1690050
    69.2500000  1739.5337250
    69.3000000  1726.8739200
    69.3500000  1714.1895900
    69.4000000  1701.4807350
    69.4500000  1688.7473550
    69.5000000  1675.9894500
    69.5500000  1663.2070200
    69.6000000  1650.4000650
    69.6500000  1637.5685850
    69.7000000  1624.7125800
    69.7500000  1611.8320500
    69.8000000  1598.9269950
    69.8500000  1585.9974150
    69.9000000  1573.0433100
    69.9500000  1560.0646800
    70.0000000  1547.0615250
    70.0500000  1534.0338450
    70.1000000  1520.9816400
    70.1500000  1507.9049100
    70.2000000  1494.8036550
    70.2500000  1481.6778750
    70.3000000  1468.5275700
    70.3500000  1455.3527400
    70.4000000  1442.1533850
    70.4500000  1428.9295050
    70.5000000  1415.6811000
    70.5500000  1402.4081700
    70.6000000  1389.1107150
    70.6500000  1375.7887350
    70.7000000  1362.4422300
    70.7500000  1349.0712000
    70.8000000  1335.6756450
    70.8500000  1322.2555650
    70.9000000  1308.8109600
    70.9500000  1295.3418300
    71.0000000  1281.8481750
    71.0500000  1268.3299950
    71.1000000  1254.7872900
    71.1500000  1241.2200600
    71.2000000  1227.6283050
    71.2500000  1214.0120250
    71.3000000  1200.3712200
    71.3500000  1186.7058900
    71.4000000  1173.0160350
    71.4500000  1159.3016550
    71.5000000  1145.5627500
    71.5500000  1131.7993200
    71.6000000  1118.0113650
    71.6500000  1104.1988850
    71.7000000  1090.3618800
    71.7500000  1076.5003500
    71.8000000  1062.6142950
    71.8500000  1048.7037150
    71.9000000  1034.7686100
    71.9500000  1020.8089800
    72.0000000  1006.8248250
    72.0500000   992.8161450
    72.1000000   978.7829400
    72.1500000   964.7252100
    72.2000000   950.6429550
    72.2500000   936.5361750
    72.3000000   922.4048700
    72.3500000   908.2490400
    72.4000000   894.0686850
    72.4500000   879.8638050
    72.5000000   865.6344000
    72.5500000   851.3804700
    72.6000000   837.1020150
    72.6500000   822.7990350
    72.7000000   808.4715300
    72.7500000   794.1195000
    72.8000000   779.7429450
    72.8500000   765.3418650
    72.9000000   750.9162600
    72.9500000   736.4661300
    73.0000000   721.9914750
    73.0500000   707.4922950
    73.1000000   692.9685900
    73.1500000   678.4203600
    73.2000000   663.8476050
    73.2500000   649.2503250
    73.3000000   634.6285200
    73.3500000   619.9821900
    73.4000000   605.3113350
    73.4500000   590.6159550
    73.5000000   575.8960500
    73.5500000   561.1516200
    73.6000000   546.3826650
    73.6500000   531.5891850
    73.7000000   516.7711800
    73.7500000   501.9286500
    73.8000000   487.0615950
    73.8500000   472.1700150
    73.9000000   457.2539100
    73.9500000   442.3132800
    74.0000000   427.3481250
    74.0500000   412.3584450
    74.1000000   397.3442400
    74.1500000   382.3055100
    74.2000000   367.2422550
    74.2500000   352.1544750
    74.3000000   337.0421700
    74.3500000   321.9053400
    74.4000000   306.7439850
    74.4500000   291.5581050
    74.5000000   276.3477000
    74.5500000   261.1127700
    74.6000000   245.8533150
    74.6500000   230.5693350
    74.7000000   215.2608300
    74.7500000   199.9278000
    74.8000000   184.5702450
    74.8500000   169.1881650
    74.9000000   153.7815600
    74.9500000   138.3504300
    75.0000000   122.8947750
    75.0500000   107.4145950
    75.1000000    91.9098900
    75.1500000    76.3806600
    75.2000000    60.8269050
    75.2500000    50.0000000
    75.3000000    50.0000000
    75.3500000    50.0000000
    75.4000000    50.0000000
    75.4500000    50.0000000
    75.5000000    50.0000000
    75.5500000    50.0000000
    75.6000000    50.0000000
    75.6500000    50.0000000
    75.7000000    50.0000000
    75.7500000    50.0000000
    75.8000000    50.0000000
    75.8500000    50.0000000
    75.9000000    50.0000000
    75.9500000    50.0000000
    76.0000000    50.0000000
    76.0500000    50.0000000
    76.1000000    50.0000000
    76.1500000    50.0000000
    76.2000000    50.0000000
    76.2500000    50.0000000
    76.3000000    50.0000000
    76.3500000    50.0000000
    76.4000000    50.0000000
    76.4500000    50.0000000
    76.5000000    50.0000000
    76.5500000    50.0000000
    76.6000000    50.0000000
    76.6500000    50.0000000
    76.7000000    50.0000000
    76.7500000    50.0000000
    76.8000000    50.0000000
    76.8500000    50.0000000
    76.9000000    50.0000000
    76.9500000    50.0000000
    77.0000000    50.0000000
    77.0500000    50.0000000
    77.1000000    50.0000000
    77.1500000    50.0000000
    77.2000000    50.0000000
    77.2500000    50.0000000
    77.3000000    50.0000000
    77.3500000    50.0000000
    77.4000000    50.0000000
    77.4500000    50.0000000
    77.5000000    50.0000000
    77.5500000    50.0000000
    77.6000000    50.0000000
    77.6500000    50.0000000
    77.7000000    50.0000000
    77.7500000    50.0000000
    77.8000000    50.0000000
    77.8500000    50.0000000
    77.9000000    50.0000000
    77.9500000    50.0000000
    78.0000000    50.0000000
    78.0500000    50.0000000
    78.1000000    50.0000000
    78.1500000    50.0000000
    78.2000000    50.0000000
    78.2500000    50.0000000
    78.3000000    50.0000000
    78.3500000    50.0000000
    78.4000000    50.0000000
    78.4500000    50.0000000
    78.5000000    50.0000000
    78.5500000    50.0000000
    78.6000000    50.0000000
    78.6500000    50.0000000
    78.7000000    50.0000000
    78.7500000    50.0000000
    78.8000000    50.0000000
    78.8500000    50.0000000
    78.9000000    50.0000000
    78.9500000    50.0000000
    79.0000000    50.0000000
    79.0500000    50.0000000
    79.1000000    50.0000000
    79.1500000    50.0000000
    79.2000000    50.0000000
    79.2500000    50.0000000
    79.3000000    50.0000000
    79.3500000    50.0000000
    79.4000000    50.0000000
    79.4500000    50.0000000
    79.5000000    50.0000000
    79.5500000    50.0000000
    79.6000000    50.0000000
    79.6500000    50.0000000
    79.7000000    50.0000000
    79.7500000    50.0000000
    79.8000000    50.0000000
    79.8500000    50.0000000
    79.9000000    50.0000000
    79.9500000    50.0000000
    80.0000000    50.0000000
    80.0500000    50.0000000
    80.1000000    50.0000000
    80.1500000    50.0000000
    80.2000000    50.0000000
    80.2500000    50.0000000
    80.3000000    50.0000000
    80.3500000    50.0000000
    80.4000000    50.0000000
    80.4500000    50.0000000
    80.5000000    50.0000000
    80.5500000    50.0000000
    80.6000000    50.0000000
    80.6500000    50.0000000
    80.7000000    50.0000000
    80.7500000    50.0000000
    80.8000000    50.0000000
    80.8500000    50.0000000
    80.9000000    50.0000000
    80.9500000    50.0000000
    81.0000000    50.0000000
    81.0500000    50.0000000
    81.1000000    50.0000000
    81.1500000    50.0000000
    81.2000000    50.0000000
    81.2500000    50.0000000
    81.3000000    50.0000000
    81.3500000    50.0000000
    81.4000000    50.0000000
    81.4500000    50.0000000
    81.5000000    50.0000000
    81.5500000    50.0000000
    81.6000000    50.0000000
    81.6500000    50.0000000
    81.7000000    50.0000000
    81.7500000    50.0000000
    81.8000000    50.0000000
    81.8500000    50.0000000
    81.9000000    50.0000000
    81.9500000    50.0000000
    82.0000000    50.0000000
    82.0500000    50.0000000
    82.1000000    50.0000000
    82.1500000    50.0000000
    82.2000000    50.0000000
    82.2500000    50.0000000
    82.3000000    50.0000000
    82.3500000    50.0000000
    82.4000000    50.0000000
    82.4500000    50.0000000
    82.5000000    50.0000000
    82.5500000    50.0000000
    82.6000000    50.0000000
    82.6500000    50.0000000
    82.7000000    50.0000000
    82.7500000    50.0000000
    82.8000000    50.0000000
    82.8500000    50.0000000
    82.9000000    50.0000000
    82.9500000    50.0000000
    83.0000000    50.0000000
    83.0500000    50.0000000
    83.1000000    50.0000000
    83.1500000    50.0000000
    83.2000000    50.0000000
    83.2500000    50.0000000
    83.3000000    50.0000000
    83.3500000    50.0000000
    83.4000000    50.0000000
    83.4500000    50.0000000
    83.5000000    50.0000000
    83.5500000    50.0000000
    83.6000000    50.0000000
    83.6500000    50.0000000
    83.7000000    50.0000000
    83.7500000    50.0000000
    83.8000000    50.0000000
    83.8500000    50.0000000
    83.9000000    50.0000000
    83.9500000    50.0000000
    84.0000000    50.0000000
    84.0500000    50.0000000
    84.1000000    50.0000000
    84.1500000    50.0000000
    84.2000000    50.0000000
    84.2500000    50.0000000
    84.3000000    50.0000000
    84.3500000    50.0000000
    84.4000000    50.0000000
    84.4500000    50.0000000
    84.5000000    50.0000000
    84.5500000    50.0000000
    84.6000000    50.0000000
    84.6500000    50.0000000
    84.7000000    50.0000000
    84.7500000    50.0000000
    84.8000000    50.0000000
    84.8500000    50.0000000
    84.9000000    50.0000000
    84.9500000    50.0000000
    85.0000000    50.0000000
    85.0500000    50.0000000
    85.1000000    50.0000000
    85.1500000    50.0000000
    85.2000000    50.0000000
