     0.0000000     0.0000000
     0.0500000     0.0000000
     0.1000000     0.0000000
     0.1500000     0.0000000
     0.2000000     0.0000000
     0.2500000     0.0000000
     0.3000000     0.0000000
     0.3500000     0.0000000
     0.4000000     0.0000000
     0.4500000     0.0000000
     0.5000000     0.0000000
     0.5500000     0.0000000
     0.6000000     0.0000000
     0.6500000     0.0000000
     0.7000000     0.0000000
     0.7500000     0.0000000
     0.8000000     0.0000000
     0.8500000     0.0000000
     0.9000000     0.0000000
     0.9500000     0.0000000
     1.0000000     0.0000000
     1.0500000     0.0000000
     1.1000000     0.0000000
     1.1500000     0.0000000
     1.2000000     0.0000000
     1.2500000     0.0000000
     1.3000000     0.0000000
     1.3500000     0.0000000
     1.4000000     0.0000000
     1.4500000     0.0000000
     1.5000000     0.0000000
     1.5500000     0.0000000
     1.6000000     0.0000000
     1.6500000     0.0000000
     1.7000000     0.0000000
     1.7500000     0.0000000
     1.8000000     0.0000000
     1.8500000     0.0000000
     1.9000000     0.0000000
     1.9500000     0.0000000
     2.0000000     0.0000000
     2.0500000     0.0000000
     2.1000000     0.0000000
     2.1500000     0.0000000
     2.2000000     0.0000000
     2.2500000     0.0000000
     2.3000000     0.0000000
     2.3500000     0.0000000
     2.4000000     0.0000000
     2.4500000     0.0000000
     2.5000000     0.0000000
     2.5500000     0.0000000
     2.6000000     0.0000000
     2.6500000     0.0000000
     2.7000000     0.0000000
     2.7500000     0.0000000
     2.8000000     0.0000000
     2.8500000     0.0000000
     2.9000000     0.0000000
     2.9500000     0.0000000
     3.0000000     0.0000000
     3.0500000     0.0000000
     3.1000000     0.0000000
     3.1500000     0.0000000
     3.2000000     0.0000000
     3.2500000     0.0000000
     3.3000000     0.0000000
     3.3500000     0.0000000
     3.4000000     0.0000000
     3.4500000     0.0000000
     3.5000000     0.0000000
     3.5500000     0.0000000
     3.6000000     0.0000000
     3.6500000     0.0000000
     3.7000000     0.0000000
     3.7500000     0.0000000
     3.8000000     0.0000000
     3.8500000     0.0000000
     3.9000000     0.0000000
     3.9500000     0.0000000
     4.0000000     0.0000000
     4.0500000     0.0000000
     4.1000000     0.0000000
     4.1500000     0.0000000
     4.2000000     0.0000000
     4.2500000     0.0000000
     4.3000000     0.0000000
     4.3500000     0.0000000
     4.4000000     0.0000000
     4.4500000     0.0000000
     4.5000000     0.0000000
     4.5500000     0.0000000
     4.6000000     0.0000000
     4.6500000     0.0000000
     4.7000000     0.0000000
     4.7500000     0.0000000
     4.8000000     0.0000000
     4.8500000     0.0000000
     4.9000000     0.0000000
     4.9500000     0.0000000
     5.0000000     0.0000000
     5.0500000     0.0000000
     5.1000000     0.0000000
     5.1500000     0.0000000
     5.2000000     0.0000000
     5.2500000     0.0000000
     5.3000000     0.0000000
     5.3500000     0.0000000
     5.4000000     0.0000000
     5.4500000     0.0000000
     5.5000000     0.0000000
     5.5500000     0.0000000
     5.6000000     0.0000000
     5.6500000     0.0000000
     5.7000000     0.0000000
     5.7500000     0.0000000
     5.8000000     0.0000000
     5.8500000     0.0000000
     5.9000000     0.0000000
     5.9500000     0.0000000
     6.0000000     0.0000000
     6.0500000     0.0000000
     6.1000000     0.0000000
     6.1500000     0.0000000
     6.2000000     0.0000000
     6.2500000     0.0000000
     6.3000000     0.0000000
     6.3500000     0.0000000
     6.4000000     0.0000000
     6.4500000     0.0000000
     6.5000000     0.0000000
     6.5500000     0.0000000
     6.6000000     0.0000000
     6.6500000     0.0000000
     6.7000000     0.0000000
     6.7500000     0.0000000
     6.8000000     0.0000000
     6.8500000     0.0000000
     6.9000000     0.0000000
     6.9500000     0.0000000
     7.0000000     0.0000000
     7.0500000     0.0000000
     7.1000000     0.0000000
     7.1500000     0.0000000
     7.2000000     0.0000000
     7.2500000     0.0000000
     7.3000000     0.0000000
     7.3500000     0.0000000
     7.4000000     0.0000000
     7.4500000     0.0000000
     7.5000000     0.0000000
     7.5500000     0.0000000
     7.6000000     0.0000000
     7.6500000     0.0000000
     7.7000000     0.0000000
     7.7500000     0.0000000
     7.8000000     0.0000000
     7.8500000     0.0000000
     7.9000000     0.0000000
     7.9500000     0.0000000
     8.0000000     0.0000000
     8.0500000     0.0000000
     8.1000000     0.0000000
     8.1500000     0.0000000
     8.2000000     0.0000000
     8.2500000     0.0000000
     8.3000000     0.0000000
     8.3500000     0.0000000
     8.4000000     0.0000000
     8.4500000     0.0000000
     8.5000000     0.0000000
     8.5500000     0.0000000
     8.6000000     0.0000000
     8.6500000     0.0000000
     8.7000000     0.0000000
     8.7500000     0.0000000
     8.8000000     0.0000000
     8.8500000     0.0000000
     8.9000000     0.0000000
     8.9500000     0.0000000
     9.0000000     0.0000000
     9.0500000     0.0000000
     9.1000000     0.0000000
     9.1500000     0.0000000
     9.2000000     0.0000000
     9.2500000     0.0000000
     9.3000000     0.0000000
     9.3500000     0.0000000
     9.4000000     0.0000000
     9.4500000     0.0000000
     9.5000000     0.0000000
     9.5500000     0.0000000
     9.6000000     0.0000000
     9.6500000     0.0000000
     9.7000000     0.0000000
     9.7500000     0.0000000
     9.8000000     0.0000000
     9.8500000     0.0000000
     9.9000000     0.0000000
     9.9500000     0.0000000
    10.0000000     0.0000000
    10.0500000     0.0355858
    10.1000000     0.1423431
    10.1500000     0.3202720
    10.2000000     0.5693724
    10.2500000     0.8896444
    10.3000000     1.2810879
    10.3500000     1.7437030
    10.4000000     2.2774896
    10.4500000     2.8824478
    10.5000000     3.5585775
    10.5500000     4.3058788
    10.6000000     5.1243516
    10.6500000     6.0139960
    10.7000000     6.9748119
    10.7500000     8.0067994
    10.8000000     9.1099584
    10.8500000    10.2842890
    10.9000000    11.5297911
    10.9500000    12.8464648
    11.0000000    14.2343100
    11.0500000    15.6933268
    11.1000000    17.2235151
    11.1500000    18.8248750
    11.2000000    20.4974064
    11.2500000    22.2411094
    11.3000000    24.0559839
    11.3500000    25.9420300
    11.4000000    27.8992476
    11.4500000    29.9276368
    11.5000000    32.0271975
    11.5500000    34.1979298
    11.6000000    36.4398336
    11.6500000    38.7529090
    11.7000000    41.1371559
    11.7500000    43.5925744
    11.8000000    46.1191644
    11.8500000    48.7169260
    11.9000000    51.3858591
    11.9500000    54.1259638
    12.0000000    56.9372400
    12.0500000    59.8196878
    12.1000000    62.7733071
    12.1500000    65.7980980
    12.2000000    68.8940604
    12.2500000    72.0611944
    12.3000000    75.2994999
    12.3500000    78.6089770
    12.4000000    81.9896256
    12.4500000    85.4414458
    12.5000000    88.9644375
    12.5500000    92.5586008
    12.6000000    96.2239356
    12.6500000    99.9604420
    12.7000000   103.7681199
    12.7500000   107.6469694
    12.8000000   111.5969904
    12.8500000   115.6181830
    12.9000000   119.7105471
    12.9500000   123.8740828
    13.0000000   128.1087900
    13.0500000   132.3668205
    13.1000000   136.6003260
    13.1500000   140.8093065
    13.2000000   144.9937620
    13.2500000   149.1536925
    13.3000000   153.2890980
    13.3500000   157.3999785
    13.4000000   161.4863340
    13.4500000   165.5481645
    13.5000000   169.5854700
    13.5500000   173.5982505
    13.6000000   177.5865060
    13.6500000   181.5502365
    13.7000000   185.4894420
    13.7500000   189.4041225
    13.8000000   193.2942780
    13.8500000   197.1599085
    13.9000000   201.0010140
    13.9500000   204.8175945
    14.0000000   208.6096500
    14.0500000   212.3771805
    14.1000000   216.1201860
    14.1500000   219.8386665
    14.2000000   223.5326220
    14.2500000   227.2020525
    14.3000000   230.8469580
    14.3500000   234.4673385
    14.4000000   238.0631940
    14.4500000   241.6345245
    14.5000000   245.1813300
    14.5500000   248.7036105
    14.6000000   252.2013660
    14.6500000   255.6745965
    14.7000000   259.1233020
    14.7500000   262.5474825
    14.8000000   265.9471380
    14.8500000   269.3222685
    14.9000000   272.6728740
    14.9500000   275.9989545
    15.0000000   279.3005100
    15.0500000   282.5775405
    15.1000000   285.8300460
    15.1500000   289.0580265
    15.2000000   292.2614820
    15.2500000   295.4404125
    15.3000000   298.5948180
    15.3500000   301.7246985
    15.4000000   304.8300540
    15.4500000   307.9108845
    15.5000000   310.9671900
    15.5500000   313.9989705
    15.6000000   317.0062260
    15.6500000   319.9889565
    15.7000000   322.9471620
    15.7500000   325.8808425
    15.8000000   328.7899980
    15.8500000   331.6746285
    15.9000000   334.5347340
    15.9500000   337.3703145
    16.0000000   340.1813700
    16.0500000   342.9679005
    16.1000000   345.7299060
    16.1500000   348.4673865
    16.2000000   351.1803420
    16.2500000   353.8687725
    16.3000000   356.5326780
    16.3500000   359.1720585
    16.4000000   361.7869140
    16.4500000   364.3772445
    16.5000000   366.9430500
    16.5500000   369.4843305
    16.6000000   372.0010860
    16.6500000   374.4933165
    16.7000000   376.9610220
    16.7500000   379.4042025
    16.8000000   381.8228580
    16.8500000   384.2169885
    16.9000000   386.5865940
    16.9500000   388.9316745
    17.0000000   391.2522300
    17.0500000   393.5482605
    17.1000000   395.8197660
    17.1500000   398.0667465
    17.2000000   400.2892020
    17.2500000   402.4871325
    17.3000000   404.6605380
    17.3500000   406.8094185
    17.4000000   408.9337740
    17.4500000   411.0336045
    17.5000000   413.1089100
    17.5500000   415.1596905
    17.6000000   417.1859460
    17.6500000   419.1876765
    17.7000000   421.1648820
    17.7500000   423.1175625
    17.8000000   425.0457180
    17.8500000   426.9493485
    17.9000000   428.8284540
    17.9500000   430.6830345
    18.0000000   432.5130900
    18.0500000   434.3186205
    18.1000000   436.0996260
    18.1500000   437.8561065
    18.2000000   439.5880620
    18.2500000   441.2954925
    18.3000000   442.9783980
    18.3500000   444.6367785
    18.4000000   446.2706340
    18.4500000   447.8799645
    18.5000000   449.4647700
    18.5500000   451.0250505
    18.6000000   452.5608060
    18.6500000   454.0720365
    18.7000000   455.5587420
    18.7500000   457.0209225
    18.8000000   458.4585780
    18.8500000   459.8717085
    18.9000000   461.2603140
    18.9500000   462.6243945
    19.0000000   463.9639500
    19.0500000   465.2789805
    19.1000000   466.5694860
    19.1500000   467.8354665
    19.2000000   469.0769220
    19.2500000   470.2938525
    19.3000000   471.4862580
    19.3500000   472.6541385
    19.4000000   473.7974940
    19.4500000   474.9163245
    19.5000000   476.0106300
    19.5500000   477.0804105
    19.6000000   478.1256660
    19.6500000   479.1463965
    19.7000000   480.1426020
    19.7500000   481.1142825
    19.8000000   482.0614380
    19.8500000   482.9840685
    19.9000000   483.8821740
    19.9500000   484.7557545
    20.0000000   485.6048100
    20.0500000   486.4293405
    20.1000000   487.2293460
    20.1500000   488.0048265
    20.2000000   488.7557820
    20.2500000   489.4822125
    20.3000000   490.1841180
    20.3500000   490.8614985
    20.4000000   491.5143540
    20.4500000   492.1426845
    20.5000000   492.7464900
    20.5500000   493.3257705
    20.6000000   493.8805260
    20.6500000   494.4107565
    20.7000000   494.9164620
    20.7500000   495.3976425
    20.8000000   495.8542980
    20.8500000   496.2864285
    20.9000000   496.6940340
    20.9500000   497.0771145
    21.0000000   497.4356700
    21.0500000   497.7697005
    21.1000000   498.0792060
    21.1500000   498.3641865
    21.2000000   498.6246420
    21.2500000   498.8605725
    21.3000000   499.0719780
    21.3500000   499.2588585
    21.4000000   499.4212140
    21.4500000   499.5590445
    21.5000000   499.6723500
    21.5500000   499.7611305
    21.6000000   499.8253860
    21.6500000   499.8651165
    21.7000000   499.8803220
    21.7500000   499.8710025
    21.8000000   499.8371580
    21.8500000   499.7787885
    21.9000000   499.6958940
    21.9500000   499.5884745
    22.0000000   499.4565300
    22.0500000   499.3000605
    22.1000000   499.1190660
    22.1500000   498.9135465
    22.2000000   498.6835020
    22.2500000   498.4289325
    22.3000000   498.1498380
    22.3500000   497.8462185
    22.4000000   497.5180740
    22.4500000   497.1654045
    22.5000000   496.7882100
    22.5500000   496.3864905
    22.6000000   495.9602460
    22.6500000   495.5094765
    22.7000000   495.0341820
    22.7500000   494.5343625
    22.8000000   494.0100180
    22.8500000   493.4611485
    22.9000000   492.8877540
    22.9500000   492.2898345
    23.0000000   491.6673900
    23.0500000   491.0204205
    23.1000000   490.3489260
    23.1500000   489.6529065
    23.2000000   488.9323620
    23.2500000   488.1872925
    23.3000000   487.4176980
    23.3500000   486.6235785
    23.4000000   485.8049340
    23.4500000   484.9617645
    23.5000000   484.0940700
    23.5500000   483.2018505
    23.6000000   482.2851060
    23.6500000   481.3438365
    23.7000000   480.3780420
    23.7500000   479.3877225
    23.8000000   478.3728780
    23.8500000   477.3335085
    23.9000000   476.2696140
    23.9500000   475.1811945
    24.0000000   474.0682500
    24.0500000   472.9307805
    24.1000000   471.7687860
    24.1500000   470.5822665
    24.2000000   469.3712220
    24.2500000   468.1356525
    24.3000000   466.8755580
    24.3500000   465.5909385
    24.4000000   464.2817940
    24.4500000   462.9481245
    24.5000000   461.5899300
    24.5500000   460.2072105
    24.6000000   458.7999660
    24.6500000   457.3681965
    24.7000000   455.9119020
    24.7500000   454.4310825
    24.8000000   452.9257380
    24.8500000   451.3958685
    24.9000000   449.8414740
    24.9500000   448.2625545
    25.0000000   446.6591100
    25.0500000   445.0311405
    25.1000000   443.3786460
    25.1500000   441.7016265
    25.2000000   440.0000820
    25.2500000   438.2740125
    25.3000000   436.5234180
    25.3500000   434.7482985
    25.4000000   432.9486540
    25.4500000   431.1244845
    25.5000000   429.2757900
    25.5500000   427.4025705
    25.6000000   425.5048260
    25.6500000   423.5825565
    25.7000000   421.6357620
    25.7500000   419.6644425
    25.8000000   417.6685980
    25.8500000   415.6482285
    25.9000000   413.6033340
    25.9500000   411.5339145
    26.0000000   409.4399700
    26.0500000   407.3215005
    26.1000000   405.1785060
    26.1500000   403.0109865
    26.2000000   400.8189420
    26.2500000   398.6023725
    26.3000000   396.3612780
    26.3500000   394.0956585
    26.4000000   391.8055140
    26.4500000   389.4908445
    26.5000000   387.1516500
    26.5500000   384.7879305
    26.6000000   382.3996860
    26.6500000   379.9869165
    26.7000000   377.5496220
    26.7500000   375.0878025
    26.8000000   372.6014580
    26.8500000   370.0905885
    26.9000000   367.5551940
    26.9500000   364.9952745
    27.0000000   362.4108300
    27.0500000   359.8018605
    27.1000000   357.1683660
    27.1500000   354.5103465
    27.2000000   351.8278020
    27.2500000   349.1207325
    27.3000000   346.3891380
    27.3500000   343.6330185
    27.4000000   340.8523740
    27.4500000   338.0472045
    27.5000000   335.2175100
    27.5500000   332.3632905
    27.6000000   329.4845460
    27.6500000   326.5812765
    27.7000000   323.6534820
    27.7500000   320.7011625
    27.8000000   317.7243180
    27.8500000   314.7229485
    27.9000000   311.6970540
    27.9500000   308.6466345
    28.0000000   305.5716900
    28.0500000   302.4722205
    28.1000000   299.3482260
    28.1500000   296.1997065
    28.2000000   293.0266620
    28.2500000   289.8290925
    28.3000000   286.6069980
    28.3500000   283.3603785
    28.4000000   280.0892340
    28.4500000   276.7935645
    28.5000000   273.4733700
    28.5500000   270.1286505
    28.6000000   266.7594060
    28.6500000   263.3656365
    28.7000000   259.9473420
    28.7500000   256.5045225
    28.8000000   253.0371780
    28.8500000   249.5453085
    28.9000000   246.0289140
    28.9500000   242.4879945
    29.0000000   238.9225500
    29.0500000   235.3325805
    29.1000000   231.7180860
    29.1500000   228.0790665
    29.2000000   224.4155220
    29.2500000   220.7274525
    29.3000000   217.0148580
    29.3500000   213.2777385
    29.4000000   209.5160940
    29.4500000   205.7299245
    29.5000000   201.9192300
    29.5500000   198.0840105
    29.6000000   194.2242660
    29.6500000   190.3399965
    29.7000000   186.4312020
    29.7500000   182.4978825
    29.8000000   178.5400380
    29.8500000   174.5576685
    29.9000000   170.5507740
    29.9500000   166.5193545
    30.0000000   162.4634100
    30.0500000   158.3829405
    30.1000000   154.2779460
    30.1500000   150.1484265
    30.2000000   145.9943820
    30.2500000   141.8158125
    30.3000000   137.6127180
    30.3500000   133.3850985
    30.4000000   129.1329540
    30.4500000   124.8562845
    30.5000000   120.5550900
    30.5500000   116.2293705
    30.6000000   111.8791260
    30.6500000   107.5043565
    30.7000000   103.1050620
    30.7500000    98.6812425
    30.8000000    94.2328980
    30.8500000    89.7600285
    30.9000000    85.2626340
    30.9500000    80.7407145
    31.0000000    76.1942700
    31.0500000    71.6233005
    31.1000000    67.0278060
    31.1500000    62.4077865
    31.2000000    57.7632420
    31.2500000    53.0941725
    31.3000000    50.0000000
    31.3500000    50.0000000
    31.4000000    50.0000000
    31.4500000    50.0000000
    31.5000000    50.0000000
    31.5500000    50.0000000
    31.6000000    50.0000000
    31.6500000    50.0000000
    31.7000000    50.0000000
    31.7500000    50.0000000
    31.8000000    50.0000000
    31.8500000    50.0000000
    31.9000000    50.0000000
    31.9500000    50.0000000
    32.0000000    50.0000000
    32.0500000    50.0000000
    32.1000000    50.0000000
    32.1500000    50.0000000
    32.2000000    50.0000000
    32.2500000    50.0000000
    32.3000000    50.0000000
    32.3500000    50.0000000
    32.4000000    50.0000000
    32.4500000    50.0000000
    32.5000000    50.0000000
    32.5500000    50.0000000
    32.6000000    50.0000000
    32.6500000    50.0000000
    32.7000000    50.0000000
    32.7500000    50.0000000
    32.8000000    50.0000000
    32.8500000    50.0000000
    32.9000000    50.0000000
    32.9500000    50.0000000
    33.0000000    50.0000000
    33.0500000    50.0000000
    33.1000000    50.0000000
    33.1500000    50.0000000
    33.2000000    50.0000000
    33.2500000    50.0000000
    33.3000000    50.0000000
    33.3500000    50.0000000
    33.4000000    50.0000000
    33.4500000    50.0000000
    33.5000000    50.0000000
    33.5500000    50.0000000
    33.6000000    50.0000000
    33.6500000    50.0000000
    33.7000000    50.0000000
    33.7500000    50.0000000
    33.8000000    50.0000000
    33.8500000    50.0000000
    33.9000000    50.0000000
    33.9500000    50.0000000
    34.0000000    50.0000000
    34.0500000    50.0000000
    34.1000000    50.0000000
    34.1500000    50.0000000
    34.2000000    50.0000000
    34.2500000    50.0000000
    34.3000000    50.0000000
    34.3500000    50.0000000
    34.4000000    50.0000000
    34.4500000    50.0000000
    34.5000000    50.0000000
    34.5500000    50.0000000
    34.6000000    50.0000000
    34.6500000    50.0000000
    34.7000000    50.0000000
    34.7500000    50.0000000
    34.8000000    50.0000000
    34.8500000    50.0000000
    34.9000000    50.0000000
    34.9500000    50.0000000
    35.0000000    50.0000000
    35.0500000    50.0000000
    35.1000000    50.0000000
    35.1500000    50.0000000
    35.2000000    50.0000000
    35.2500000    50.0000000
    35.3000000    50.0000000
    35.3500000    50.0000000
    35.4000000    50.0000000
    35.4500000    50.0000000
    35.5000000    50.0000000
    35.5500000    50.0000000
    35.6000000    50.0000000
    35.6500000    50.0000000
    35.7000000    50.0000000
    35.7500000    50.0000000
    35.8000000    50.0000000
    35.8500000    50.0000000
    35.9000000    50.0000000
    35.9500000    50.0000000
    36.0000000    50.0000000
    36.0500000    50.0000000
    36.1000000    50.0000000
    36.1500000    50.0000000
    36.2000000    50.0000000
    36.2500000    50.0000000
    36.3000000    50.0000000
    36.3500000    50.0000000
    36.4000000    50.0000000
    36.4500000    50.0000000
    36.5000000    50.0000000
    36.5500000    50.0000000
    36.6000000    50.0000000
    36.6500000    50.0000000
    36.7000000    50.0000000
    36.7500000    50.0000000
    36.8000000    50.0000000
    36.8500000    50.0000000
    36.9000000    50.0000000
    36.9500000    50.0000000
    37.0000000    50.0000000
    37.0500000    50.0000000
    37.1000000    50.0000000
    37.1500000    50.0000000
    37.2000000    50.0000000
    37.2500000    50.0000000
    37.3000000    50.0000000
    37.3500000    50.0000000
    37.4000000    50.0000000
    37.4500000    50.0000000
    37.5000000    50.0000000
    37.5500000    50.0000000
    37.6000000    50.0000000
    37.6500000    50.0000000
    37.7000000    50.0000000
    37.7500000    50.0000000
    37.8000000    50.0000000
    37.8500000    50.0000000
    37.9000000    50.0000000
    37.9500000    50.0000000
    38.0000000    50.0000000
    38.0500000    50.0000000
    38.1000000    50.0000000
    38.1500000    50.0000000
    38.2000000    50.0000000
    38.2500000    50.0000000
    38.3000000    50.0000000
    38.3500000    50.0000000
    38.4000000    50.0000000
    38.4500000    50.0000000
    38.5000000    50.0000000
    38.5500000    50.0000000
    38.6000000    50.0000000
    38.6500000    50.0000000
    38.7000000    50.0000000
    38.7500000    50.0000000
    38.8000000    50.0000000
    38.8500000    50.0000000
    38.9000000    50.0000000
    38.9500000    50.0000000
    39.0000000    50.0000000
    39.0500000    50.0000000
    39.1000000    50.0000000
    39.1500000    50.0000000
    39.2000000    50.0000000
    39.2500000    50.0000000
    39.3000000    50.0000000
    39.3500000    50.0000000
    39.4000000    50.0000000
    39.4500000    50.0000000
    39.5000000    50.0000000
    39.5500000    50.0000000
    39.6000000    50.0000000
    39.6500000    50.0000000
    39.7000000    50.0000000
    39.7500000    50.0000000
    39.8000000    50.0000000
    39.8500000    50.0000000
    39.9000000    50.0000000
    39.9500000    50.0000000
    40.0000000    50.0000000
    40.0500000    50.0000000
    40.1000000    50.0000000
    40.1500000    50.0000000
    40.2000000    50.0000000
    40.2500000    50.0000000
    40.3000000    50.0000000
    40.3500000    50.0000000
    40.4000000    50.0000000
    40.4500000    50.0000000
    40.5000000    50.0000000
    40.5500000    50.0000000
    40.6000000    50.0000000
    40.6500000    50.0000000
    40.7000000    50.0000000
    40.7500000    50.0000000
    40.8000000    50.0000000
    40.8500000    50.0000000
    40.9000000    50.0000000
    40.9500000    50.0000000
    41.0000000    50.0000000
    41.0500000    50.0000000
    41.1000000    50.0000000
    41.1500000    50.0000000
    41.2000000    50.0000000
    41.2500000    50.0000000
