     0.0000000     0.0000000
     0.0500000     0.0000000
     0.1000000     0.0000000
     0.1500000     0.0000000
     0.2000000     0.0000000
     0.2500000     0.0000000
     0.3000000     0.0000000
     0.3500000     0.0000000
     0.4000000     0.0000000
     0.4500000     0.0000000
     0.5000000     0.0000000
     0.5500000     0.0000000
     0.6000000     0.0000000
     0.6500000     0.0000000
     0.7000000     0.0000000
     0.7500000     0.0000000
     0.8000000     0.0000000
     0.8500000     0.0000000
     0.9000000     0.0000000
     0.9500000     0.0000000
     1.0000000     0.0000000
     1.0500000     0.0000000
     1.1000000     0.0000000
     1.1500000     0.0000000
     1.2000000     0.0000000
     1.2500000     0.0000000
     1.3000000     0.0000000
     1.3500000     0.0000000
     1.4000000     0.0000000
     1.4500000     0.0000000
     1.5000000     0.0000000
     1.5500000     0.0000000
     1.6000000     0.0000000
     1.6500000     0.0000000
     1.7000000     0.0000000
     1.7500000     0.0000000
     1.8000000     0.0000000
     1.8500000     0.0000000
     1.9000000     0.0000000
     1.9500000     0.0000000
     2.0000000     0.0000000
     2.0500000     0.0000000
     2.1000000     0.0000000
     2.1500000     0.0000000
     2.2000000     0.0000000
     2.2500000     0.0000000
     2.3000000     0.0000000
     2.3500000     0.0000000
     2.4000000     0.0000000
     2.4500000     0.0000000
     2.5000000     0.0000000
     2.5500000     0.0000000
     2.6000000     0.0000000
     2.6500000     0.0000000
     2.7000000     0.0000000
     2.7500000     0.0000000
     2.8000000     0.0000000
     2.8500000     0.0000000
     2.9000000     0.0000000
     2.9500000     0.0000000
     3.0000000     0.0000000
     3.0500000     0.0000000
     3.1000000     0.0000000
     3.1500000     0.0000000
     3.2000000     0.0000000
     3.2500000     0.0000000
     3.3000000     0.0000000
     3.3500000     0.0000000
     3.4000000     0.0000000
     3.4500000     0.0000000
     3.5000000     0.0000000
     3.5500000     0.0000000
     3.6000000     0.0000000
     3.6500000     0.0000000
     3.7000000     0.0000000
     3.7500000     0.0000000
     3.8000000     0.0000000
     3.8500000     0.0000000
     3.9000000     0.0000000
     3.9500000     0.0000000
     4.0000000     0.0000000
     4.0500000     0.0000000
     4.1000000     0.0000000
     4.1500000     0.0000000
     4.2000000     0.0000000
     4.2500000     0.0000000
     4.3000000     0.0000000
     4.3500000     0.0000000
     4.4000000     0.0000000
     4.4500000     0.0000000
     4.5000000     0.0000000
     4.5500000     0.0000000
     4.6000000     0.0000000
     4.6500000     0.0000000
     4.7000000     0.0000000
     4.7500000     0.0000000
     4.8000000     0.0000000
     4.8500000     0.0000000
     4.9000000     0.0000000
     4.9500000     0.0000000
     5.0000000     0.0000000
     5.0500000     0.0000000
     5.1000000     0.0000000
     5.1500000     0.0000000
     5.2000000     0.0000000
     5.2500000     0.0000000
     5.3000000     0.0000000
     5.3500000     0.0000000
     5.4000000     0.0000000
     5.4500000     0.0000000
     5.5000000     0.0000000
     5.5500000     0.0000000
     5.6000000     0.0000000
     5.6500000     0.0000000
     5.7000000     0.0000000
     5.7500000     0.0000000
     5.8000000     0.0000000
     5.8500000     0.0000000
     5.9000000     0.0000000
     5.9500000     0.0000000
     6.0000000     0.0000000
     6.0500000     0.0000000
     6.1000000     0.0000000
     6.1500000     0.0000000
     6.2000000     0.0000000
     6.2500000     0.0000000
     6.3000000     0.0000000
     6.3500000     0.0000000
     6.4000000     0.0000000
     6.4500000     0.0000000
     6.5000000     0.0000000
     6.5500000     0.0000000
     6.6000000     0.0000000
     6.6500000     0.0000000
     6.7000000     0.0000000
     6.7500000     0.0000000
     6.8000000     0.0000000
     6.8500000     0.0000000
     6.9000000     0.0000000
     6.9500000     0.0000000
     7.0000000     0.0000000
     7.0500000     0.0000000
     7.1000000     0.0000000
     7.1500000     0.0000000
     7.2000000     0.0000000
     7.2500000     0.0000000
     7.3000000     0.0000000
     7.3500000     0.0000000
     7.4000000     0.0000000
     7.4500000     0.0000000
     7.5000000     0.0000000
     7.5500000     0.0000000
     7.6000000     0.0000000
     7.6500000     0.0000000
     7.7000000     0.0000000
     7.7500000     0.0000000
     7.8000000     0.0000000
     7.8500000     0.0000000
     7.9000000     0.0000000
     7.9500000     0.0000000
     8.0000000     0.0000000
     8.0500000     0.0000000
     8.1000000     0.0000000
     8.1500000     0.0000000
     8.2000000     0.0000000
     8.2500000     0.0000000
     8.3000000     0.0000000
     8.3500000     0.0000000
     8.4000000     0.0000000
     8.4500000     0.0000000
     8.5000000     0.0000000
     8.5500000     0.0000000
     8.6000000     0.0000000
     8.6500000     0.0000000
     8.7000000     0.0000000
     8.7500000     0.0000000
     8.8000000     0.0000000
     8.8500000     0.0000000
     8.9000000     0.0000000
     8.9500000     0.0000000
     9.0000000     0.0000000
     9.0500000     0.0000000
     9.1000000     0.0000000
     9.1500000     0.0000000
     9.2000000     0.0000000
     9.2500000     0.0000000
     9.3000000     0.0000000
     9.3500000     0.0000000
     9.4000000     0.0000000
     9.4500000     0.0000000
     9.5000000     0.0000000
     9.5500000     0.0000000
     9.6000000     0.0000000
     9.6500000     0.0000000
     9.7000000     0.0000000
     9.7500000     0.0000000
     9.8000000     0.0000000
     9.8500000     0.0000000
     9.9000000     0.0000000
     9.9500000     0.0000000
    10.0000000     0.0000000
    10.0500000     0.0133171
    10.1000000     0.0532683
    10.1500000     0.1198537
    10.2000000     0.2130732
    10.2500000     0.3329269
    10.3000000     0.4794147
    10.3500000     0.6525367
    10.4000000     0.8522928
    10.4500000     1.0786831
    10.5000000     1.3317075
    10.5500000     1.6113661
    10.6000000     1.9176588
    10.6500000     2.2505857
    10.7000000     2.6101467
    10.7500000     2.9963419
    10.8000000     3.4091712
    10.8500000     3.8486347
    10.9000000     4.3147323
    10.9500000     4.8074641
    11.0000000     5.3268300
    11.0500000     5.8728301
    11.1000000     6.4454643
    11.1500000     7.0447327
    11.2000000     7.6706352
    11.2500000     8.3231719
    11.3000000     9.0023427
    11.3500000     9.7081477
    11.4000000    10.4405868
    11.4500000    11.1996601
    11.5000000    11.9853675
    11.5500000    12.7977091
    11.6000000    13.6366848
    11.6500000    14.5022947
    11.7000000    15.3945387
    11.7500000    16.3134169
    11.8000000    17.2589292
    11.8500000    18.2310757
    11.9000000    19.2298563
    11.9500000    20.2552711
    12.0000000    21.3073200
    12.0500000    22.3860031
    12.1000000    23.4913203
    12.1500000    24.6232717
    12.2000000    25.7818572
    12.2500000    26.9670769
    12.3000000    28.1789307
    12.3500000    29.4174187
    12.4000000    30.6825408
    12.4500000    31.9742971
    12.5000000    33.2926875
    12.5500000    34.6377121
    12.6000000    36.0093708
    12.6500000    37.4076637
    12.7000000    38.8325907
    12.7500000    40.2841519
    12.8000000    41.7623472
    12.8500000    43.2671767
    12.9000000    44.7986403
    12.9500000    46.3567381
    13.0000000    47.9414700
    13.0500000    49.5272565
    13.1000000    51.0885180
    13.1500000    52.6252545
    13.2000000    54.1374660
    13.2500000    55.6251525
    13.3000000    57.0883140
    13.3500000    58.5269505
    13.4000000    59.9410620
    13.4500000    61.3306485
    13.5000000    62.6957100
    13.5500000    64.0362465
    13.6000000    65.3522580
    13.6500000    66.6437445
    13.7000000    67.9107060
    13.7500000    69.1531425
    13.8000000    70.3710540
    13.8500000    71.5644405
    13.9000000    72.7333020
    13.9500000    73.8776385
    14.0000000    74.9974500
    14.0500000    76.0927365
    14.1000000    77.1634980
    14.1500000    78.2097345
    14.2000000    79.2314460
    14.2500000    80.2286325
    14.3000000    81.2012940
    14.3500000    82.1494305
    14.4000000    83.0730420
    14.4500000    83.9721285
    14.5000000    84.8466900
    14.5500000    85.6967265
    14.6000000    86.5222380
    14.6500000    87.3232245
    14.7000000    88.0996860
    14.7500000    88.8516225
    14.8000000    89.5790340
    14.8500000    90.2819205
    14.9000000    90.9602820
    14.9500000    91.6141185
    15.0000000    92.2434300
    15.0500000    92.8482165
    15.1000000    93.4284780
    15.1500000    93.9842145
    15.2000000    94.5154260
    15.2500000    95.0221125
    15.3000000    95.5042740
    15.3500000    95.9619105
    15.4000000    96.3950220
    15.4500000    96.8036085
    15.5000000    97.1876700
    15.5500000    97.5472065
    15.6000000    97.8822180
    15.6500000    98.1927045
    15.7000000    98.4786660
    15.7500000    98.7401025
    15.8000000    98.9770140
    15.8500000    99.1894005
    15.9000000    99.3772620
    15.9500000    99.5405985
    16.0000000    99.6794100
    16.0500000    99.7936965
    16.1000000    99.8834580
    16.1500000    99.9486945
    16.2000000    99.9894060
    16.2500000   100.0055925
    16.3000000    99.9972540
    16.3500000    99.9643905
    16.4000000    99.9070020
    16.4500000    99.8250885
    16.5000000    99.7186500
    16.5500000    99.5876865
    16.6000000    99.4321980
    16.6500000    99.2521845
    16.7000000    99.0476460
    16.7500000    98.8185825
    16.8000000    98.5649940
    16.8500000    98.2868805
    16.9000000    97.9842420
    16.9500000    97.6570785
    17.0000000    97.3053900
    17.0500000    96.9291765
    17.1000000    96.5284380
    17.1500000    96.1031745
    17.2000000    95.6533860
    17.2500000    95.1790725
    17.3000000    94.6802340
    17.3500000    94.1568705
    17.4000000    93.6089820
    17.4500000    93.0365685
    17.5000000    92.4396300
    17.5500000    91.8181665
    17.6000000    91.1721780
    17.6500000    90.5016645
    17.7000000    89.8066260
    17.7500000    89.0870625
    17.8000000    88.3429740
    17.8500000    87.5743605
    17.9000000    86.7812220
    17.9500000    85.9635585
    18.0000000    85.1213700
    18.0500000    84.2546565
    18.1000000    83.3634180
    18.1500000    82.4476545
    18.2000000    81.5073660
    18.2500000    80.5425525
    18.3000000    79.5532140
    18.3500000    78.5393505
    18.4000000    77.5009620
    18.4500000    76.4380485
    18.5000000    75.3506100
    18.5500000    74.2386465
    18.6000000    73.1021580
    18.6500000    71.9411445
    18.7000000    70.7556060
    18.7500000    69.5455425
    18.8000000    68.3109540
    18.8500000    67.0518405
    18.9000000    65.7682020
    18.9500000    64.4600385
    19.0000000    63.1273500
    19.0500000    61.7701365
    19.1000000    60.3883980
    19.1500000    58.9821345
    19.2000000    57.5513460
    19.2500000    56.0960325
    19.3000000    54.6161940
    19.3500000    53.1118305
    19.4000000    51.5829420
    19.4500000    50.0295285
    19.5000000    50.0000000
    19.5500000    50.0000000
    19.6000000    50.0000000
    19.6500000    50.0000000
    19.7000000    50.0000000
    19.7500000    50.0000000
    19.8000000    50.0000000
    19.8500000    50.0000000
    19.9000000    50.0000000
    19.9500000    50.0000000
    20.0000000    50.0000000
    20.0500000    50.0000000
    20.1000000    50.0000000
    20.1500000    50.0000000
    20.2000000    50.0000000
    20.2500000    50.0000000
    20.3000000    50.0000000
    20.3500000    50.0000000
    20.4000000    50.0000000
    20.4500000    50.0000000
    20.5000000    50.0000000
    20.5500000    50.0000000
    20.6000000    50.0000000
    20.6500000    50.0000000
    20.7000000    50.0000000
    20.7500000    50.0000000
    20.8000000    50.0000000
    20.8500000    50.0000000
    20.9000000    50.0000000
    20.9500000    50.0000000
    21.0000000    50.0000000
    21.0500000    50.0000000
    21.1000000    50.0000000
    21.1500000    50.0000000
    21.2000000    50.0000000
    21.2500000    50.0000000
    21.3000000    50.0000000
    21.3500000    50.0000000
    21.4000000    50.0000000
    21.4500000    50.0000000
    21.5000000    50.0000000
    21.5500000    50.0000000
    21.6000000    50.0000000
    21.6500000    50.0000000
    21.7000000    50.0000000
    21.7500000    50.0000000
    21.8000000    50.0000000
    21.8500000    50.0000000
    21.9000000    50.0000000
    21.9500000    50.0000000
    22.0000000    50.0000000
    22.0500000    50.0000000
    22.1000000    50.0000000
    22.1500000    50.0000000
    22.2000000    50.0000000
    22.2500000    50.0000000
    22.3000000    50.0000000
    22.3500000    50.0000000
    22.4000000    50.0000000
    22.4500000    50.0000000
    22.5000000    50.0000000
    22.5500000    50.0000000
    22.6000000    50.0000000
    22.6500000    50.0000000
    22.7000000    50.0000000
    22.7500000    50.0000000
    22.8000000    50.0000000
    22.8500000    50.0000000
    22.9000000    50.0000000
    22.9500000    50.0000000
    23.0000000    50.0000000
    23.0500000    50.0000000
    23.1000000    50.0000000
    23.1500000    50.0000000
    23.2000000    50.0000000
    23.2500000    50.0000000
    23.3000000    50.0000000
    23.3500000    50.0000000
    23.4000000    50.0000000
    23.4500000    50.0000000
    23.5000000    50.0000000
    23.5500000    50.0000000
    23.6000000    50.0000000
    23.6500000    50.0000000
    23.7000000    50.0000000
    23.7500000    50.0000000
    23.8000000    50.0000000
    23.8500000    50.0000000
    23.9000000    50.0000000
    23.9500000    50.0000000
    24.0000000    50.0000000
    24.0500000    50.0000000
    24.1000000    50.0000000
    24.1500000    50.0000000
    24.2000000    50.0000000
    24.2500000    50.0000000
    24.3000000    50.0000000
    24.3500000    50.0000000
    24.4000000    50.0000000
    24.4500000    50.0000000
    24.5000000    50.0000000
    24.5500000    50.0000000
    24.6000000    50.0000000
    24.6500000    50.0000000
    24.7000000    50.0000000
    24.7500000    50.0000000
    24.8000000    50.0000000
    24.8500000    50.0000000
    24.9000000    50.0000000
    24.9500000    50.0000000
    25.0000000    50.0000000
    25.0500000    50.0000000
    25.1000000    50.0000000
    25.1500000    50.0000000
    25.2000000    50.0000000
    25.2500000    50.0000000
    25.3000000    50.0000000
    25.3500000    50.0000000
    25.4000000    50.0000000
    25.4500000    50.0000000
    25.5000000    50.0000000
    25.5500000    50.0000000
    25.6000000    50.0000000
    25.6500000    50.0000000
    25.7000000    50.0000000
    25.7500000    50.0000000
    25.8000000    50.0000000
    25.8500000    50.0000000
    25.9000000    50.0000000
    25.9500000    50.0000000
    26.0000000    50.0000000
    26.0500000    50.0000000
    26.1000000    50.0000000
    26.1500000    50.0000000
    26.2000000    50.0000000
    26.2500000    50.0000000
    26.3000000    50.0000000
    26.3500000    50.0000000
    26.4000000    50.0000000
    26.4500000    50.0000000
    26.5000000    50.0000000
    26.5500000    50.0000000
    26.6000000    50.0000000
    26.6500000    50.0000000
    26.7000000    50.0000000
    26.7500000    50.0000000
    26.8000000    50.0000000
    26.8500000    50.0000000
    26.9000000    50.0000000
    26.9500000    50.0000000
    27.0000000    50.0000000
    27.0500000    50.0000000
    27.1000000    50.0000000
    27.1500000    50.0000000
    27.2000000    50.0000000
    27.2500000    50.0000000
    27.3000000    50.0000000
    27.3500000    50.0000000
    27.4000000    50.0000000
    27.4500000    50.0000000
    27.5000000    50.0000000
    27.5500000    50.0000000
    27.6000000    50.0000000
    27.6500000    50.0000000
    27.7000000    50.0000000
    27.7500000    50.0000000
    27.8000000    50.0000000
    27.8500000    50.0000000
    27.9000000    50.0000000
    27.9500000    50.0000000
    28.0000000    50.0000000
    28.0500000    50.0000000
    28.1000000    50.0000000
    28.1500000    50.0000000
    28.2000000    50.0000000
    28.2500000    50.0000000
    28.3000000    50.0000000
    28.3500000    50.0000000
    28.4000000    50.0000000
    28.4500000    50.0000000
    28.5000000    50.0000000
    28.5500000    50.0000000
    28.6000000    50.0000000
    28.6500000    50.0000000
    28.7000000    50.0000000
    28.7500000    50.0000000
    28.8000000    50.0000000
    28.8500000    50.0000000
    28.9000000    50.0000000
    28.9500000    50.0000000
    29.0000000    50.0000000
    29.0500000    50.0000000
    29.1000000    50.0000000
    29.1500000    50.0000000
    29.2000000    50.0000000
    29.2500000    50.0000000
    29.3000000    50.0000000
    29.3500000    50.0000000
    29.4000000    50.0000000
    29.4500000    50.0000000
