     0.0000000     0.0000000
     0.0500000     0.0000000
     0.1000000     0.0000000
     0.1500000     0.0000000
     0.2000000     0.0000000
     0.2500000     0.0000000
     0.3000000     0.0000000
     0.3500000     0.0000000
     0.4000000     0.0000000
     0.4500000     0.0000000
     0.5000000     0.0000000
     0.5500000     0.0000000
     0.6000000     0.0000000
     0.6500000     0.0000000
     0.7000000     0.0000000
     0.7500000     0.0000000
     0.8000000     0.0000000
     0.8500000     0.0000000
     0.9000000     0.0000000
     0.9500000     0.0000000
     1.0000000     0.0000000
     1.0500000     0.0000000
     1.1000000     0.0000000
     1.1500000     0.0000000
     1.2000000     0.0000000
     1.2500000     0.0000000
     1.3000000     0.0000000
     1.3500000     0.0000000
     1.4000000     0.0000000
     1.4500000     0.0000000
     1.5000000     0.0000000
     1.5500000     0.0000000
     1.6000000     0.0000000
     1.6500000     0.0000000
     1.7000000     0.0000000
     1.7500000     0.0000000
     1.8000000     0.0000000
     1.8500000     0.0000000
     1.9000000     0.0000000
     1.9500000     0.0000000
     2.0000000     0.0000000
     2.0500000     0.0000000
     2.1000000     0.0000000
     2.1500000     0.0000000
     2.2000000     0.0000000
     2.2500000     0.0000000
     2.3000000     0.0000000
     2.3500000     0.0000000
     2.4000000     0.0000000
     2.4500000     0.0000000
     2.5000000     0.0000000
     2.5500000     0.0000000
     2.6000000     0.0000000
     2.6500000     0.0000000
     2.7000000     0.0000000
     2.7500000     0.0000000
     2.8000000     0.0000000
     2.8500000     0.0000000
     2.9000000     0.0000000
     2.9500000     0.0000000
     3.0000000     0.0000000
     3.0500000     0.0000000
     3.1000000     0.0000000
     3.1500000     0.0000000
     3.2000000     0.0000000
     3.2500000     0.0000000
     3.3000000     0.0000000
     3.3500000     0.0000000
     3.4000000     0.0000000
     3.4500000     0.0000000
     3.5000000     0.0000000
     3.5500000     0.0000000
     3.6000000     0.0000000
     3.6500000     0.0000000
     3.7000000     0.0000000
     3.7500000     0.0000000
     3.8000000     0.0000000
     3.8500000     0.0000000
     3.9000000     0.0000000
     3.9500000     0.0000000
     4.0000000     0.0000000
     4.0500000     0.0000000
     4.1000000     0.0000000
     4.1500000     0.0000000
     4.2000000     0.0000000
     4.2500000     0.0000000
     4.3000000     0.0000000
     4.3500000     0.0000000
     4.4000000     0.0000000
     4.4500000     0.0000000
     4.5000000     0.0000000
     4.5500000     0.0000000
     4.6000000     0.0000000
     4.6500000     0.0000000
     4.7000000     0.0000000
     4.7500000     0.0000000
     4.8000000     0.0000000
     4.8500000     0.0000000
     4.9000000     0.0000000
     4.9500000     0.0000000
     5.0000000     0.0000000
     5.0500000     0.0000000
     5.1000000     0.0000000
     5.1500000     0.0000000
     5.2000000     0.0000000
     5.2500000     0.0000000
     5.3000000     0.0000000
     5.3500000     0.0000000
     5.4000000     0.0000000
     5.4500000     0.0000000
     5.5000000     0.0000000
     5.5500000     0.0000000
     5.6000000     0.0000000
     5.6500000     0.0000000
     5.7000000     0.0000000
     5.7500000     0.0000000
     5.8000000     0.0000000
     5.8500000     0.0000000
     5.9000000     0.0000000
     5.9500000     0.0000000
     6.0000000     0.0000000
     6.0500000     0.0000000
     6.1000000     0.0000000
     6.1500000     0.0000000
     6.2000000     0.0000000
     6.2500000     0.0000000
     6.3000000     0.0000000
     6.3500000     0.0000000
     6.4000000     0.0000000
     6.4500000     0.0000000
     6.5000000     0.0000000
     6.5500000     0.0000000
     6.6000000     0.0000000
     6.6500000     0.0000000
     6.7000000     0.0000000
     6.7500000     0.0000000
     6.8000000     0.0000000
     6.8500000     0.0000000
     6.9000000     0.0000000
     6.9500000     0.0000000
     7.0000000     0.0000000
     7.0500000     0.0000000
     7.1000000     0.0000000
     7.1500000     0.0000000
     7.2000000     0.0000000
     7.2500000     0.0000000
     7.3000000     0.0000000
     7.3500000     0.0000000
     7.4000000     0.0000000
     7.4500000     0.0000000
     7.5000000     0.0000000
     7.5500000     0.0000000
     7.6000000     0.0000000
     7.6500000     0.0000000
     7.7000000     0.0000000
     7.7500000     0.0000000
     7.8000000     0.0000000
     7.8500000     0.0000000
     7.9000000     0.0000000
     7.9500000     0.0000000
     8.0000000     0.0000000
     8.0500000     0.0000000
     8.1000000     0.0000000
     8.1500000     0.0000000
     8.2000000     0.0000000
     8.2500000     0.0000000
     8.3000000     0.0000000
     8.3500000     0.0000000
     8.4000000     0.0000000
     8.4500000     0.0000000
     8.5000000     0.0000000
     8.5500000     0.0000000
     8.6000000     0.0000000
     8.6500000     0.0000000
     8.7000000     0.0000000
     8.7500000     0.0000000
     8.8000000     0.0000000
     8.8500000     0.0000000
     8.9000000     0.0000000
     8.9500000     0.0000000
     9.0000000     0.0000000
     9.0500000     0.0000000
     9.1000000     0.0000000
     9.1500000     0.0000000
     9.2000000     0.0000000
     9.2500000     0.0000000
     9.3000000     0.0000000
     9.3500000     0.0000000
     9.4000000     0.0000000
     9.4500000     0.0000000
     9.5000000     0.0000000
     9.5500000     0.0000000
     9.6000000     0.0000000
     9.6500000     0.0000000
     9.7000000     0.0000000
     9.7500000     0.0000000
     9.8000000     0.0000000
     9.8500000     0.0000000
     9.9000000     0.0000000
     9.9500000     0.0000000
    10.0000000     0.0000000
    10.0500000     0.0236912
    10.1000000     0.0947646
    10.1500000     0.2132204
    10.2000000     0.3790584
    10.2500000     0.5922788
    10.3000000     0.8528814
    10.3500000     1.1608664
    10.4000000     1.5162336
    10.4500000     1.9189832
    10.5000000     2.3691150
    10.5500000     2.8666292
    10.6000000     3.4115256
    10.6500000     4.0038044
    10.7000000     4.6434654
    10.7500000     5.3305088
    10.8000000     6.0649344
    10.8500000     6.8467424
    10.9000000     7.6759326
    10.9500000     8.5525052
    11.0000000     9.4764600
    11.0500000    10.4477972
    11.1000000    11.4665166
    11.1500000    12.5326184
    11.2000000    13.6461024
    11.2500000    14.8069688
    11.3000000    16.0152174
    11.3500000    17.2708484
    11.4000000    18.5738616
    11.4500000    19.9242572
    11.5000000    21.3220350
    11.5500000    22.7671952
    11.6000000    24.2597376
    11.6500000    25.7996624
    11.7000000    27.3869694
    11.7500000    29.0216588
    11.8000000    30.7037304
    11.8500000    32.4331844
    11.9000000    34.2100206
    11.9500000    36.0342392
    12.0000000    37.9058400
    12.0500000    39.8248232
    12.1000000    41.7911886
    12.1500000    43.8049364
    12.2000000    45.8660664
    12.2500000    47.9745788
    12.3000000    50.1304734
    12.3500000    52.3337504
    12.4000000    54.5844096
    12.4500000    56.8824512
    12.5000000    59.2278750
    12.5500000    61.6206812
    12.6000000    64.0608696
    12.6500000    66.5484404
    12.7000000    69.0833934
    12.7500000    71.6657288
    12.8000000    74.2954464
    12.8500000    76.9725464
    12.9000000    79.6970286
    12.9500000    82.4688932
    13.0000000    85.2881400
    13.0500000    88.1188155
    13.1000000    90.9249660
    13.1500000    93.7065915
    13.2000000    96.4636920
    13.2500000    99.1962675
    13.3000000   101.9043180
    13.3500000   104.5878435
    13.4000000   107.2468440
    13.4500000   109.8813195
    13.5000000   112.4912700
    13.5500000   115.0766955
    13.6000000   117.6375960
    13.6500000   120.1739715
    13.7000000   122.6858220
    13.7500000   125.1731475
    13.8000000   127.6359480
    13.8500000   130.0742235
    13.9000000   132.4879740
    13.9500000   134.8771995
    14.0000000   137.2419000
    14.0500000   139.5820755
    14.1000000   141.8977260
    14.1500000   144.1888515
    14.2000000   146.4554520
    14.2500000   148.6975275
    14.3000000   150.9150780
    14.3500000   153.1081035
    14.4000000   155.2766040
    14.4500000   157.4205795
    14.5000000   159.5400300
    14.5500000   161.6349555
    14.6000000   163.7053560
    14.6500000   165.7512315
    14.7000000   167.7725820
    14.7500000   169.7694075
    14.8000000   171.7417080
    14.8500000   173.6894835
    14.9000000   175.6127340
    14.9500000   177.5114595
    15.0000000   179.3856600
    15.0500000   181.2353355
    15.1000000   183.0604860
    15.1500000   184.8611115
    15.2000000   186.6372120
    15.2500000   188.3887875
    15.3000000   190.1158380
    15.3500000   191.8183635
    15.4000000   193.4963640
    15.4500000   195.1498395
    15.5000000   196.7787900
    15.5500000   198.3832155
    15.6000000   199.9631160
    15.6500000   201.5184915
    15.7000000   203.0493420
    15.7500000   204.5556675
    15.8000000   206.0374680
    15.8500000   207.4947435
    15.9000000   208.9274940
    15.9500000   210.3357195
    16.0000000   211.7194200
    16.0500000   213.0785955
    16.1000000   214.4132460
    16.1500000   215.7233715
    16.2000000   217.0089720
    16.2500000   218.2700475
    16.3000000   219.5065980
    16.3500000   220.7186235
    16.4000000   221.9061240
    16.4500000   223.0690995
    16.5000000   224.2075500
    16.5500000   225.3214755
    16.6000000   226.4108760
    16.6500000   227.4757515
    16.7000000   228.5161020
    16.7500000   229.5319275
    16.8000000   230.5232280
    16.8500000   231.4900035
    16.9000000   232.4322540
    16.9500000   233.3499795
    17.0000000   234.2431800
    17.0500000   235.1118555
    17.1000000   235.9560060
    17.1500000   236.7756315
    17.2000000   237.5707320
    17.2500000   238.3413075
    17.3000000   239.0873580
    17.3500000   239.8088835
    17.4000000   240.5058840
    17.4500000   241.1783595
    17.5000000   241.8263100
    17.5500000   242.4497355
    17.6000000   243.0486360
    17.6500000   243.6230115
    17.7000000   244.1728620
    17.7500000   244.6981875
    17.8000000   245.1989880
    17.8500000   245.6752635
    17.9000000   246.1270140
    17.9500000   246.5542395
    18.0000000   246.9569400
    18.0500000   247.3351155
    18.1000000   247.6887660
    18.1500000   248.0178915
    18.2000000   248.3224920
    18.2500000   248.6025675
    18.3000000   248.8581180
    18.3500000   249.0891435
    18.4000000   249.2956440
    18.4500000   249.4776195
    18.5000000   249.6350700
    18.5500000   249.7679955
    18.6000000   249.8763960
    18.6500000   249.9602715
    18.7000000   250.0196220
    18.7500000   250.0544475
    18.8000000   250.0647480
    18.8500000   250.0505235
    18.9000000   250.0117740
    18.9500000   249.9484995
    19.0000000   249.8607000
    19.0500000   249.7483755
    19.1000000   249.6115260
    19.1500000   249.4501515
    19.2000000   249.2642520
    19.2500000   249.0538275
    19.3000000   248.8188780
    19.3500000   248.5594035
    19.4000000   248.2754040
    19.4500000   247.9668795
    19.5000000   247.6338300
    19.5500000   247.2762555
    19.6000000   246.8941560
    19.6500000   246.4875315
    19.7000000   246.0563820
    19.7500000   245.6007075
    19.8000000   245.1205080
    19.8500000   244.6157835
    19.9000000   244.0865340
    19.9500000   243.5327595
    20.0000000   242.9544600
    20.0500000   242.3516355
    20.1000000   241.7242860
    20.1500000   241.0724115
    20.2000000   240.3960120
    20.2500000   239.6950875
    20.3000000   238.9696380
    20.3500000   238.2196635
    20.4000000   237.4451640
    20.4500000   236.6461395
    20.5000000   235.8225900
    20.5500000   234.9745155
    20.6000000   234.1019160
    20.6500000   233.2047915
    20.7000000   232.2831420
    20.7500000   231.3369675
    20.8000000   230.3662680
    20.8500000   229.3710435
    20.9000000   228.3512940
    20.9500000   227.3070195
    21.0000000   226.2382200
    21.0500000   225.1448955
    21.1000000   224.0270460
    21.1500000   222.8846715
    21.2000000   221.7177720
    21.2500000   220.5263475
    21.3000000   219.3103980
    21.3500000   218.0699235
    21.4000000   216.8049240
    21.4500000   215.5153995
    21.5000000   214.2013500
    21.5500000   212.8627755
    21.6000000   211.4996760
    21.6500000   210.1120515
    21.7000000   208.6999020
    21.7500000   207.2632275
    21.8000000   205.8020280
    21.8500000   204.3163035
    21.9000000   202.8060540
    21.9500000   201.2712795
    22.0000000   199.7119800
    22.0500000   198.1281555
    22.1000000   196.5198060
    22.1500000   194.8869315
    22.2000000   193.2295320
    22.2500000   191.5476075
    22.3000000   189.8411580
    22.3500000   188.1101835
    22.4000000   186.3546840
    22.4500000   184.5746595
    22.5000000   182.7701100
    22.5500000   180.9410355
    22.6000000   179.0874360
    22.6500000   177.2093115
    22.7000000   175.3066620
    22.7500000   173.3794875
    22.8000000   171.4277880
    22.8500000   169.4515635
    22.9000000   167.4508140
    22.9500000   165.4255395
    23.0000000   163.3757400
    23.0500000   161.3014155
    23.1000000   159.2025660
    23.1500000   157.0791915
    23.2000000   154.9312920
    23.2500000   152.7588675
    23.3000000   150.5619180
    23.3500000   148.3404435
    23.4000000   146.0944440
    23.4500000   143.8239195
    23.5000000   141.5288700
    23.5500000   139.2092955
    23.6000000   136.8651960
    23.6500000   134.4965715
    23.7000000   132.1034220
    23.7500000   129.6857475
    23.8000000   127.2435480
    23.8500000   124.7768235
    23.9000000   122.2855740
    23.9500000   119.7697995
    24.0000000   117.2295000
    24.0500000   114.6646755
    24.1000000   112.0753260
    24.1500000   109.4614515
    24.2000000   106.8230520
    24.2500000   104.1601275
    24.3000000   101.4726780
    24.3500000    98.7607035
    24.4000000    96.0242040
    24.4500000    93.2631795
    24.5000000    90.4776300
    24.5500000    87.6675555
    24.6000000    84.8329560
    24.6500000    81.9738315
    24.7000000    79.0901820
    24.7500000    76.1820075
    24.8000000    73.2493080
    24.8500000    70.2920835
    24.9000000    67.3103340
    24.9500000    64.3040595
    25.0000000    61.2732600
    25.0500000    58.2179355
    25.1000000    55.1380860
    25.1500000    52.0337115
    25.2000000    48.9048120
    25.2500000    45.7513875
    25.3000000    42.5734380
    25.3500000    39.3709635
    25.4000000    36.1439640
    25.4500000    32.8924395
    25.5000000    29.6163900
    25.5500000    26.3158155
    25.6000000    22.9907160
    25.6500000    19.6410915
    25.7000000    16.2669420
    25.7500000    12.8682675
    25.8000000     9.4450680
    25.8500000     5.9973435
    25.9000000     2.5250940
    25.9500000    -0.9716805
    26.0000000    -4.4929800
    26.0500000    -8.0388045
    26.1000000   -11.6091540
    26.1500000   -15.2040285
    26.2000000   -18.8234280
    26.2500000   -22.4673525
    26.3000000   -26.1358020
    26.3500000   -29.8287765
    26.4000000   -33.5462760
    26.4500000   -37.2883005
    26.5000000   -41.0548500
    26.5500000   -44.8459245
    26.6000000   -48.6615240
    26.6500000   -50.0000000
    26.7000000   -50.0000000
    26.7500000   -50.0000000
    26.8000000   -50.0000000
    26.8500000   -50.0000000
    26.9000000   -50.0000000
    26.9500000   -50.0000000
    27.0000000   -50.0000000
    27.0500000   -50.0000000
    27.1000000   -50.0000000
    27.1500000   -50.0000000
    27.2000000   -50.0000000
    27.2500000   -50.0000000
    27.3000000   -50.0000000
    27.3500000   -50.0000000
    27.4000000   -50.0000000
    27.4500000   -50.0000000
    27.5000000   -50.0000000
    27.5500000   -50.0000000
    27.6000000   -50.0000000
    27.6500000   -50.0000000
    27.7000000   -50.0000000
    27.7500000   -50.0000000
    27.8000000   -50.0000000
    27.8500000   -50.0000000
    27.9000000   -50.0000000
    27.9500000   -50.0000000
    28.0000000   -50.0000000
    28.0500000   -50.0000000
    28.1000000   -50.0000000
    28.1500000   -50.0000000
    28.2000000   -50.0000000
    28.2500000   -50.0000000
    28.3000000   -50.0000000
    28.3500000   -50.0000000
    28.4000000   -50.0000000
    28.4500000   -50.0000000
    28.5000000   -50.0000000
    28.5500000   -50.0000000
    28.6000000   -50.0000000
    28.6500000   -50.0000000
    28.7000000   -50.0000000
    28.7500000   -50.0000000
    28.8000000   -50.0000000
    28.8500000   -50.0000000
    28.9000000   -50.0000000
    28.9500000   -50.0000000
    29.0000000   -50.0000000
    29.0500000   -50.0000000
    29.1000000   -50.0000000
    29.1500000   -50.0000000
    29.2000000   -50.0000000
    29.2500000   -50.0000000
    29.3000000   -50.0000000
    29.3500000   -50.0000000
    29.4000000   -50.0000000
    29.4500000   -50.0000000
    29.5000000   -50.0000000
    29.5500000   -50.0000000
    29.6000000   -50.0000000
    29.6500000   -50.0000000
    29.7000000   -50.0000000
    29.7500000   -50.0000000
    29.8000000   -50.0000000
    29.8500000   -50.0000000
    29.9000000   -50.0000000
    29.9500000   -50.0000000
    30.0000000   -50.0000000
    30.0500000   -50.0000000
    30.1000000   -50.0000000
    30.1500000   -50.0000000
    30.2000000   -50.0000000
    30.2500000   -50.0000000
    30.3000000   -50.0000000
    30.3500000   -50.0000000
    30.4000000   -50.0000000
    30.4500000   -50.0000000
    30.5000000   -50.0000000
    30.5500000   -50.0000000
    30.6000000   -50.0000000
    30.6500000   -50.0000000
    30.7000000   -50.0000000
    30.7500000   -50.0000000
    30.8000000   -50.0000000
    30.8500000   -50.0000000
    30.9000000   -50.0000000
    30.9500000   -50.0000000
    31.0000000   -50.0000000
    31.0500000   -50.0000000
    31.1000000   -50.0000000
    31.1500000   -50.0000000
    31.2000000   -50.0000000
    31.2500000   -50.0000000
    31.3000000   -50.0000000
    31.3500000   -50.0000000
    31.4000000   -50.0000000
    31.4500000   -50.0000000
    31.5000000   -50.0000000
    31.5500000   -50.0000000
    31.6000000   -50.0000000
    31.6500000   -50.0000000
    31.7000000   -50.0000000
    31.7500000   -50.0000000
    31.8000000   -50.0000000
    31.8500000   -50.0000000
    31.9000000   -50.0000000
    31.9500000   -50.0000000
    32.0000000   -50.0000000
    32.0500000   -50.0000000
    32.1000000   -50.0000000
    32.1500000   -50.0000000
    32.2000000   -50.0000000
    32.2500000   -50.0000000
    32.3000000   -50.0000000
    32.3500000   -50.0000000
    32.4000000   -50.0000000
    32.4500000   -50.0000000
    32.5000000   -50.0000000
    32.5500000   -50.0000000
    32.6000000   -50.0000000
    32.6500000   -50.0000000
    32.7000000   -50.0000000
    32.7500000   -50.0000000
    32.8000000   -50.0000000
    32.8500000   -50.0000000
    32.9000000   -50.0000000
    32.9500000   -50.0000000
    33.0000000   -50.0000000
    33.0500000   -50.0000000
    33.1000000   -50.0000000
    33.1500000   -50.0000000
    33.2000000   -50.0000000
    33.2500000   -50.0000000
    33.3000000   -50.0000000
    33.3500000   -50.0000000
    33.4000000   -50.0000000
    33.4500000   -50.0000000
    33.5000000   -50.0000000
    33.5500000   -50.0000000
    33.6000000   -50.0000000
    33.6500000   -50.0000000
    33.7000000   -50.0000000
    33.7500000   -50.0000000
    33.8000000   -50.0000000
    33.8500000   -50.0000000
    33.9000000   -50.0000000
    33.9500000   -50.0000000
    34.0000000   -50.0000000
    34.0500000   -50.0000000
    34.1000000   -50.0000000
    34.1500000   -50.0000000
    34.2000000   -50.0000000
    34.2500000   -50.0000000
    34.3000000   -50.0000000
    34.3500000   -50.0000000
    34.4000000   -50.0000000
    34.4500000   -50.0000000
    34.5000000   -50.0000000
    34.5500000   -50.0000000
    34.6000000   -50.0000000
    34.6500000   -50.0000000
    34.7000000   -50.0000000
    34.7500000   -50.0000000
    34.8000000   -50.0000000
    34.8500000   -50.0000000
    34.9000000   -50.0000000
    34.9500000   -50.0000000
    35.0000000   -50.0000000
    35.0500000   -50.0000000
    35.1000000   -50.0000000
    35.1500000   -50.0000000
    35.2000000   -50.0000000
    35.2500000   -50.0000000
    35.3000000   -50.0000000
    35.3500000   -50.0000000
    35.4000000   -50.0000000
    35.4500000   -50.0000000
    35.5000000   -50.0000000
    35.5500000   -50.0000000
    35.6000000   -50.0000000
    35.6500000   -50.0000000
    35.7000000   -50.0000000
    35.7500000   -50.0000000
    35.8000000   -50.0000000
    35.8500000   -50.0000000
    35.9000000   -50.0000000
    35.9500000   -50.0000000
    36.0000000   -50.0000000
    36.0500000   -50.0000000
    36.1000000   -50.0000000
    36.1500000   -50.0000000
    36.2000000   -50.0000000
    36.2500000   -50.0000000
    36.3000000   -50.0000000
    36.3500000   -50.0000000
    36.4000000   -50.0000000
    36.4500000   -50.0000000
    36.5000000   -50.0000000
    36.5500000   -50.0000000
    36.6000000   -50.0000000
