     0.0000000     0.7983219
     0.0500000     0.5631318
     0.1000000     0.5045401
     0.1500000    -0.6977747
     0.2000000    -0.1340198
     0.2500000     0.2526684
     0.3000000    -0.1369588
     0.3500000     0.2001110
     0.4000000     1.2865240
     0.4500000     1.4474116
     0.5000000     1.7031526
     0.5500000     1.9674927
     0.6000000     2.1883441
     0.6500000     0.4015288
     0.7000000     1.9935534
     0.7500000     2.4112025
     0.8000000     1.7464456
     0.8500000     1.5856851
     0.9000000     2.3454153
     0.9500000     0.9063928
     1.0000000     1.6605837
     1.0500000     2.9210710
     1.1000000     1.4074001
     1.1500000     3.1411462
     1.2000000     3.3660935
     1.2500000     2.8259716
     1.3000000     2.1870742
     1.3500000     2.5740132
     1.4000000     2.8882027
     1.4500000     2.2407112
     1.5000000     3.7748848
     1.5500000     3.3405525
     1.6000000     2.2149836
     1.6500000     3.7171884
     1.7000000     3.1456860
     1.7500000     2.6887708
     1.8000000     4.0447614
     1.8500000     4.3368741
     1.9000000     4.0512448
     1.9500000     3.0168063
     2.0000000     3.7189147
     2.0500000     4.4727827
     2.1000000     5.1630469
     2.1500000     4.6601442
     2.2000000     3.9517101
     2.2500000     5.1049866
     2.3000000     5.5997961
     2.3500000     5.0231680
     2.4000000     5.5949351
     2.4500000     3.9231504
     2.5000000     4.6510811
     2.5500000     5.2737173
     2.6000000     5.2178091
     2.6500000     5.7495344
     2.7000000     5.9181230
     2.7500000     5.9398152
     2.8000000     5.4501062
     2.8500000     5.0481558
     2.9000000     6.5466318
     2.9500000     5.5121372
     3.0000000     5.4658669
     3.0500000     6.2248955
     3.1000000     5.3428704
     3.1500000     6.6988177
     3.2000000     6.1300668
     3.2500000     5.7685449
     3.3000000     6.5126958
     3.3500000     6.5201681
     3.4000000     6.2127498
     3.4500000     7.2644542
     3.5000000     7.6010061
     3.5500000     6.4262880
     3.6000000     7.6466422
     3.6500000     7.0841843
     3.7000000     7.5582329
     3.7500000     6.7247253
     3.8000000     8.2935000
     3.8500000     6.9595286
     3.9000000     6.9623867
     3.9500000     8.7090675
     4.0000000     8.8631008
     4.0500000     8.6533624
     4.1000000     7.3434806
     4.1500000     8.0369523
     4.2000000     8.6442261
     4.2500000     9.0374666
     4.3000000     8.3251344
     4.3500000     7.7928497
     4.4000000     8.2937574
     4.4500000     8.7341969
     4.5000000     9.9983371
     4.5500000     9.9808887
     4.6000000     9.3305564
     4.6500000    10.2843393
     4.7000000     9.6413065
     4.7500000    10.3228273
     4.8000000     9.2026762
     4.8500000     9.9652000
     4.9000000     9.9775037
     4.9500000    10.4303017
     5.0000000     9.3604555
     5.0500000    34.0027334
     5.1000000    52.4607397
     5.1500000    59.5201729
     5.2000000    52.6347861
     5.2500000    35.4134268
     5.3000000    10.6492982
     5.3500000   -15.7267705
     5.4000000   -32.5555985
     5.4500000   -40.3590785
     5.5000000   -32.4431286
     5.5500000   -15.2654394
     5.6000000     9.5862269
     5.6500000    10.2581428
     5.7000000     9.5393435
     5.7500000    10.9246362
     5.8000000    10.9939850
     5.8500000     9.9121254
     5.9000000     9.3220320
     5.9500000    10.9948575
     6.0000000    10.7983787
     6.0500000    10.7121782
     6.1000000    10.9802072
     6.1500000    10.5594872
     6.2000000    10.1413368
     6.2500000    10.2016257
     6.3000000     9.8622582
     6.3500000     9.9250141
     6.4000000    10.2977954
     6.4500000    10.3909196
     6.5000000    10.6114662
     6.5500000    10.5003416
     6.6000000     9.5743903
     6.6500000    10.2938143
     6.7000000     9.5032393
     6.7500000     9.9772017
     6.8000000    10.9472491
     6.8500000     9.3845646
     6.9000000     9.7440500
     6.9500000    10.8083488
     7.0000000     9.6332508
     7.0500000     9.1105988
     7.1000000    10.4672343
     7.1500000    10.3722448
     7.2000000     9.4107399
     7.2500000    10.9219842
     7.3000000     9.5079229
     7.3500000    10.3492866
     7.4000000     9.1352848
     7.4500000     9.8807331
     7.5000000     9.8819648
     7.5500000     9.8149212
     7.6000000    10.7331800
     7.6500000    10.9239151
     7.7000000     9.1593105
     7.7500000     9.2108294
     7.8000000     9.9170413
     7.8500000    10.5893704
     7.9000000    10.3920263
     7.9500000     9.7394694
     8.0000000    10.2892064
     8.0500000     9.8821861
     8.1000000    10.7506068
     8.1500000     9.2946945
     8.2000000     9.5880987
     8.2500000     9.3791977
     8.3000000    10.1182117
     8.3500000     9.2380201
     8.4000000     9.6587041
     8.4500000    10.3096136
     8.5000000    10.0475473
     8.5500000     9.6635503
     8.6000000    10.1072424
     8.6500000    10.3786580
     8.7000000    10.0577964
     8.7500000    10.5330422
     8.8000000     9.5812076
     8.8500000     9.1145128
     8.9000000    10.9955486
     8.9500000    10.2477081
     9.0000000     9.1780887
     9.0500000    10.3613007
     9.1000000    10.8125222
     9.1500000     9.4432790
     9.2000000     9.3502421
     9.2500000    10.1586675
     9.3000000    10.7465516
     9.3500000    10.1970200
     9.4000000     9.9390812
     9.4500000     9.8173185
     9.5000000    10.9067119
     9.5500000     9.4169533
     9.6000000     9.4397660
     9.6500000     9.5451543
     9.7000000    10.8353344
     9.7500000     9.1767860
     9.8000000    10.8022206
     9.8500000     9.6836879
     9.9000000    10.0600042
     9.9500000     9.7100955
    10.0000000    10.0042770
    10.0500000    -8.6142057
    10.1000000   -27.0276046
    10.1500000   -44.8284205
    10.2000000   -61.9440548
    10.2500000   -77.0915386
    10.3000000   -90.8715037
    10.3500000  -102.5640692
    10.4000000  -109.5392528
    10.4500000  -116.8399384
    10.5000000  -119.1558393
    10.5500000  -120.7962702
    10.6000000  -118.0282133
    10.6500000  -112.8483507
    10.7000000  -105.4964596
    10.7500000   -96.2603686
    10.8000000   -82.8356738
    10.8500000   -68.8256514
    10.9000000   -52.1224702
    10.9500000   -32.9896661
    11.0000000   -13.5505039
    11.0500000     5.9281527
    11.1000000    26.7487536
    11.1500000    28.1387505
    11.2000000    31.2261629
    11.2500000    31.3894444
    11.3000000    33.9532837
    11.3500000    36.4891404
    11.4000000    37.8167142
    11.4500000    40.3803615
    11.5000000    41.6158547
    11.5500000    43.6318914
    11.6000000    46.2309229
    11.6500000    48.1677124
    11.7000000    51.4224739
    11.7500000    54.0302219
    11.8000000    56.9783987
    11.8500000    58.4290528
    11.9000000    61.4678350
    11.9500000    64.4079125
    12.0000000    66.9161530
    12.0500000    69.0466862
    12.1000000    73.6401098
    12.1500000    75.9012489
    12.2000000    79.0791890
    12.2500000    82.9269503
    12.3000000    85.7944060
    12.3500000    88.7900852
    12.4000000    91.0414472
    12.4500000    94.4453022
    12.5000000    98.7090702
    12.5500000   102.0466998
    12.6000000   105.8324456
    12.6500000   109.8619590
    12.7000000   113.7084843
    12.7500000   117.9817507
    12.8000000   121.8345673
    12.8500000   126.3655683
    12.9000000   130.2848235
    12.9500000   134.1928571
    13.0000000   139.0671520
    13.0500000   191.6466927
    13.1000000   233.5001407
    13.1500000   250.5804916
    13.2000000   242.3121240
    13.2500000   209.4444940
    13.3000000   163.9574865
    13.3500000   117.2727447
    13.4000000    85.5487912
    13.4500000    74.6598393
    13.5000000    93.1057345
    13.5500000   133.2160523
    13.6000000   188.0893441
    13.6500000   192.3031993
    13.7000000   196.1307331
    13.7500000   199.3335295
    13.8000000   204.0709876
    13.8500000   206.5634206
    13.9000000   211.9943962
    13.9500000   214.3222940
    14.0000000   217.7848835
    14.0500000   222.1921780
    14.1000000   225.8352330
    14.1500000   230.4875565
    14.2000000   232.6143326
    14.2500000   236.5115453
    14.3000000   240.5957293
    14.3500000   243.8849441
    14.4000000   247.5162189
    14.4500000   250.8938126
    14.5000000   254.5767107
    14.5500000   258.1926303
    14.6000000   261.5733038
    14.6500000   264.7937634
    14.7000000   269.6614148
    14.7500000   272.6698158
    14.8000000   276.6957692
    14.8500000   278.6129521
    14.9000000   282.8839682
    14.9500000   286.8226393
    15.0000000   289.5577635
    15.0500000   292.1748079
    15.1000000   295.9453018
    15.1500000   299.0942771
    15.2000000   301.2690899
    15.2500000   306.3729441
    15.3000000   308.0817117
    15.3500000   312.4109844
    15.4000000   315.2549855
    15.4500000   317.3667454
    15.5000000   321.3740338
    15.5500000   324.0499882
    15.6000000   327.8706310
    15.6500000   329.6959376
    15.7000000   332.3305158
    15.7500000   335.0219775
    15.8000000   337.9365029
    15.8500000   341.4720571
    15.9000000   345.4989599
    15.9500000   347.9403600
    16.0000000   350.1514795
    16.0500000   352.9156518
    16.1000000   356.0609346
    16.1500000   358.5811405
    16.2000000   360.2809818
    16.2500000   364.7738813
    16.3000000   367.2699695
    16.3500000   368.2661020
    16.4000000   371.0001792
    16.4500000   373.8453747
    16.5000000   377.1582630
    16.5500000   380.4544565
    16.6000000   381.9638755
    16.6500000   384.2378033
    16.7000000   386.6729768
    16.7500000   388.8281505
    16.8000000   392.7197701
    16.8500000   394.0549162
    16.9000000   396.4560196
    16.9500000   398.8594825
    17.0000000   401.9063921
    17.0500000   403.0943602
    17.1000000   406.2823700
    17.1500000   407.0749311
    17.2000000   411.0169575
    17.2500000   412.2650950
    17.3000000   413.7457073
    17.3500000   416.9345519
    17.4000000   418.9811914
    17.4500000   421.9274087
    17.5000000   423.5802127
    17.5500000   426.0784342
    17.6000000   427.9121598
    17.6500000   429.2410121
    17.7000000   430.2215141
    17.7500000   433.2063853
    17.8000000   434.1265086
    17.8500000   436.9326618
    17.9000000   439.7426955
    17.9500000   440.8559496
    18.0000000   442.5155525
    18.0500000   444.2022297
    18.1000000   445.2326543
    18.1500000   447.2417046
    18.2000000   450.1611270
    18.2500000   450.7840377
    18.3000000   452.4772263
    18.3500000   455.1679746
    18.4000000   456.9602879
    18.4500000   457.9442900
    18.5000000   458.7926985
    18.5500000   460.7468847
    18.6000000   462.4132647
    18.6500000   463.8024508
    18.7000000   466.3388166
    18.7500000   466.7404158
    18.8000000   468.9727618
    18.8500000   470.4828598
    18.9000000   471.4788332
    18.9500000   472.9028775
    19.0000000   473.8390893
    19.0500000   475.5541999
    19.1000000   476.1502632
    19.1500000   478.0918838
    19.2000000   478.9371351
    19.2500000   480.6634501
    19.3000000   480.4867163
    19.3500000   481.9318839
    19.4000000   483.9648640
    19.4500000   485.2639703
    19.5000000   486.8393170
    19.5500000   487.9151980
    19.6000000   488.8925656
    19.6500000   489.6493331
    19.7000000   489.1644725
    19.7500000   491.3560728
    19.8000000   492.8128744
    19.8500000   493.0143909
    19.9000000   494.4384014
    19.9500000   494.5020215
    20.0000000   495.9456853
    20.0500000   496.7949128
    20.1000000   497.9739168
    20.1500000   497.5158520
    20.2000000   498.7033234
    20.2500000   499.2100152
    20.3000000   500.8087002
    20.3500000   501.8502527
    20.4000000   501.7390874
    20.4500000   502.4268677
    20.5000000   503.4168598
    20.5500000   503.9055670
    20.6000000   503.7206870
    20.6500000   505.1233622
    20.7000000   505.0882895
    20.7500000   505.8532813
    20.8000000   506.1273063
    20.8500000   506.3134019
    20.9000000   507.3536511
    20.9500000   507.3393898
    21.0000000   507.1515431
    21.0500000   508.2727930
    21.1000000   509.0559133
    21.1500000   508.2892866
    21.2000000   507.6695306
    21.2500000   509.4695464
    21.3000000   509.1494168
    21.3500000   509.3380593
    21.4000000   508.8336363
    21.4500000   509.0070624
    21.5000000   510.4176482
    21.5500000   509.0353022
    21.6000000   509.2895353
    21.6500000   510.8161284
    21.7000000   509.6274361
    21.7500000   510.4065201
    21.8000000   509.5694178
    21.8500000   509.1029704
    21.9000000   509.9306911
    21.9500000   510.2182546
    22.0000000   509.8335784
    22.0500000   508.9891413
    22.1000000   509.3315072
    22.1500000   509.3132711
    22.2000000   507.6868327
    22.2500000   509.2178274
    22.3000000   507.7817246
    22.3500000   506.9695623
    22.4000000   507.4537568
    22.4500000   506.3578671
    22.5000000   506.0258854
    22.5500000   506.7684421
    22.6000000   505.1156702
    22.6500000   506.2914110
    22.7000000   505.1809963
    22.7500000   503.6094919
    22.8000000   503.3375064
    22.8500000   504.1035722
    22.9000000   502.5491579
    22.9500000   501.8424097
    23.0000000   502.3410081
    23.0500000   500.2436001
    23.1000000   501.3381215
    23.1500000   498.9947083
    23.2000000   498.9851384
    23.2500000   497.7757486
    23.3000000   497.1858503
    23.3500000   495.6322549
    23.4000000   495.4024674
    23.4500000   494.0844294
    23.5000000   493.1371603
    23.5500000   493.2026339
    23.6000000   492.5108125
    23.6500000   490.7474745
    23.7000000   489.6602384
    23.7500000   489.2588601
    23.8000000   488.4992869
    23.8500000   486.9599642
    23.9000000   486.9218866
    23.9500000   486.1345432
    24.0000000   483.0768245
    24.0500000   482.2850423
    24.1000000   481.3938797
    24.1500000   479.7392328
    24.2000000   478.4924506
    24.2500000   478.9873724
    24.3000000   477.1518103
    24.3500000   476.3685793
    24.4000000   473.7340508
    24.4500000   472.9107839
    24.5000000   471.1526834
    24.5500000   469.4800266
    24.6000000   468.1282692
    24.6500000   467.2410217
    24.7000000   466.5912064
    24.7500000   464.6440897
    24.8000000   462.7998327
    24.8500000   460.4925993
    24.9000000   459.8849070
    24.9500000   458.5821491
    25.0000000   456.7146574
    25.0500000   454.8283109
    25.1000000   453.3602101
    25.1500000   451.3733808
    25.2000000   450.2096019
    25.2500000   448.4337022
    25.3000000   446.1126736
    25.3500000   444.6926080
    25.4000000   443.2459133
    25.4500000   441.0004319
    25.5000000   439.0657392
    25.5500000   437.7404249
    25.6000000   434.7978162
    25.6500000   434.2964542
    25.7000000   431.2220768
    25.7500000   430.0104329
    25.8000000   428.3104441
    25.8500000   426.3873626
    25.9000000   422.7037689
    25.9500000   420.9418649
    26.0000000   420.0411121
    26.0500000   418.1122178
    26.1000000   414.7000730
    26.1500000   413.6769380
    26.2000000   410.5877717
    26.2500000   408.4891360
    26.3000000   406.3784898
    26.3500000   404.6878973
    26.4000000   402.6625560
    26.4500000   398.5002395
    26.5000000   397.2138521
    26.5500000   394.4937028
    26.6000000   393.1041241
    26.6500000   390.3594741
    26.7000000   386.5742078
    26.7500000   385.4104831
    26.8000000   382.9313480
    26.8500000   379.1487680
    26.9000000   378.3495962
    26.9500000   375.3092886
    27.0000000   372.0362473
    27.0500000   370.7802012
    27.1000000   366.8579598
    27.1500000   363.8632942
    27.2000000   362.1159016
    27.2500000   358.9771929
    27.3000000   355.6074562
    27.3500000   353.4986858
    27.4000000   351.1994895
    27.4500000   347.4727929
    27.5000000   344.8507930
    27.5500000   341.9076105
    27.6000000   338.5769185
    27.6500000   336.9022500
    27.7000000   333.4051814
    27.7500000   331.4186272
    27.8000000   327.3342965
    27.8500000   323.8794506
    27.9000000   322.2598004
    27.9500000   318.6155778
    28.0000000   315.5583811
    28.0500000   312.6526746
    28.1000000   308.7228018
    28.1500000   306.6735231
    28.2000000   302.9291727
    28.2500000   299.7758845
    28.3000000   296.2926169
    28.3500000   293.4984918
    28.4000000   290.6353345
    28.4500000   286.5062377
    28.5000000   284.3623908
    28.5500000   280.2500074
    28.6000000   275.8846530
    28.6500000   273.5886462
    28.7000000   270.4184317
    28.7500000   266.5397017
    28.8000000   264.0026993
    28.8500000   258.9704981
    28.9000000   256.0144681
    28.9500000   251.6781060
    29.0000000   249.3336093
    29.0500000   244.5664169
    29.1000000   241.3359417
    29.1500000   237.7279333
    29.2000000   234.5598172
    29.2500000   231.1369536
    29.3000000   226.2728737
    29.3500000   222.8063790
    29.4000000   219.1648112
    29.4500000   215.7804929
    29.5000000   211.5723850
    29.5500000   207.7568683
    29.6000000   205.0888292
    29.6500000   200.6945522
    29.7000000   195.9988603
    29.7500000   193.0129455
    29.8000000   189.3536443
    29.8500000   183.7256377
    29.9000000   180.4893395
    29.9500000   175.6132655
    30.0000000   173.3581523
    30.0500000   167.9116617
    30.1000000   163.3730081
    30.1500000   159.4440320
    30.2000000   156.2686612
    30.2500000   151.7201537
    30.3000000   148.1721335
    30.3500000   144.3382552
    30.4000000   138.7052573
    30.4500000   134.2397964
    30.5000000   131.3347476
    30.5500000   126.6339494
    30.6000000   122.4189204
    30.6500000   117.5685361
    30.7000000   113.6790675
    30.7500000   107.8397754
    30.8000000   104.5485269
    30.8500000    98.8616088
    30.9000000    95.1992642
    30.9500000    89.9277748
    31.0000000    87.1883734
    31.0500000    81.0233412
    31.1000000    77.6150829
    31.1500000    73.0371824
    31.2000000    67.9103638
    31.2500000    63.5705189
    31.3000000    59.9166805
    31.3500000    60.2863570
    31.4000000    60.9083947
    31.4500000    59.0413652
    31.5000000    60.9211436
    31.5500000    60.4349652
    31.6000000    60.1562008
    31.6500000    60.9812535
    31.7000000    59.8680449
    31.7500000    60.5148809
    31.8000000    60.9359404
    31.8500000    60.4183505
    31.9000000    60.2947185
    31.9500000    60.3913263
    32.0000000    59.4503563
    32.0500000    60.5535195
    32.1000000    60.3907880
    32.1500000    59.5932247
    32.2000000    60.5578370
    32.2500000    59.1159486
    32.3000000    59.8376677
    32.3500000    59.1309128
    32.4000000    60.2062797
    32.4500000    59.9563463
    32.5000000    60.7633107
    32.5500000    60.9314359
    32.6000000    59.8401640
    32.6500000    59.5858126
    32.7000000    59.7849019
    32.7500000    59.9598839
    32.8000000    60.6785509
    32.8500000    59.9008850
    32.9000000    59.1601229
    32.9500000    60.0904666
    33.0000000    59.3749136
    33.0500000    60.7913338
    33.1000000    59.9441609
    33.1500000    60.7755203
    33.2000000    60.9028767
    33.2500000    59.6518394
    33.3000000    59.3966840
    33.3500000    59.8929570
    33.4000000    60.7563088
    33.4500000    59.5133208
    33.5000000    60.7944644
    33.5500000    60.2454562
    33.6000000    60.5203606
    33.6500000    60.6533785
    33.7000000    59.3798355
    33.7500000    59.0334342
    33.8000000    59.7116177
    33.8500000    59.1136188
    33.9000000    59.8458268
    33.9500000    60.0516387
    34.0000000    59.7401687
    34.0500000    60.9763107
    34.1000000    59.3287724
    34.1500000    59.1909899
    34.2000000    60.3943670
    34.2500000    59.2311267
    34.3000000    59.3918565
    34.3500000    59.1423221
    34.4000000    59.4866571
    34.4500000    59.5261694
    34.5000000    60.6969622
    34.5500000    59.1635784
    34.6000000    60.5222008
    34.6500000    60.2858970
    34.7000000    60.0148863
    34.7500000    59.5361024
    34.8000000    59.4414956
    34.8500000    60.8810483
    34.9000000    60.4630831
    34.9500000    59.1463389
    35.0000000    59.7605345
    35.0500000    59.3205982
    35.1000000    60.8650171
    35.1500000    59.1404982
    35.2000000    60.3171439
    35.2500000    59.0656092
    35.3000000    60.7548377
    35.3500000    60.3973978
    35.4000000    60.7637094
    35.4500000    59.0688656
    35.5000000    59.2947507
    35.5500000    59.6059632
    35.6000000    60.5373257
    35.6500000    59.5022873
    35.7000000    60.0792788
    35.7500000    59.5503471
    35.8000000    59.6737248
    35.8500000    59.0704280
    35.9000000    59.5842950
    35.9500000    59.9060076
    36.0000000    60.3755577
    36.0500000    59.0831384
    36.1000000    60.9701285
    36.1500000    59.5140465
    36.2000000    60.6973709
    36.2500000    59.7553122
    36.3000000    59.4768397
    36.3500000    60.1340588
    36.4000000    59.4669259
    36.4500000    59.9446776
    36.5000000    60.9531246
    36.5500000    60.3355519
    36.6000000    60.3911696
    36.6500000    60.6839504
    36.7000000    59.7223707
    36.7500000    59.6042162
    36.8000000    59.2399715
    36.8500000    59.2672504
    36.9000000    59.0646124
    36.9500000    59.1175385
    37.0000000    59.8909048
    37.0500000    59.4881388
    37.1000000    59.6904181
    37.1500000    60.3139067
    37.2000000    59.9057057
    37.2500000    59.1305042
    37.3000000    60.3779102
    37.3500000    60.9328433
    37.4000000    60.2613071
    37.4500000    59.6832257
    37.5000000    60.2729068
    37.5500000    60.7463417
    37.6000000    60.0668699
    37.6500000    60.1646069
    37.7000000    60.5262901
    37.7500000    59.6367747
    37.8000000    59.3520776
    37.8500000    60.6087865
    37.9000000    60.7888076
    37.9500000    59.8180671
    38.0000000    60.9634455
    38.0500000    60.3143162
    38.1000000    59.8098327
    38.1500000    59.2046328
    38.2000000    59.1885667
    38.2500000    59.1578002
    38.3000000    60.7327703
    38.3500000    60.7197652
    38.4000000    60.8479370
    38.4500000    59.0195309
    38.5000000    59.2611977
    38.5500000    60.1961569
    38.6000000    60.0700189
    38.6500000    59.4188412
    38.7000000    59.9832272
    38.7500000    60.0261974
    38.8000000    60.2488294
    38.8500000    60.1160997
    38.9000000    59.4383858
    38.9500000    59.4815719
    39.0000000    60.4005567
    39.0500000    59.4763204
    39.1000000    60.7192800
    39.1500000    60.4022760
    39.2000000    59.7846840
    39.2500000    59.2026451
    39.3000000    59.9093315
    39.3500000    59.7470717
    39.4000000    59.4540204
    39.4500000    59.7972322
    39.5000000    60.3683416
    39.5500000    60.3679083
    39.6000000    60.6066442
    39.6500000    59.3839674
    39.7000000    59.7559212
    39.7500000    59.8906995
    39.8000000    59.5504090
    39.8500000    59.8522698
    39.9000000    59.4887396
    39.9500000    60.2784256
    40.0000000    59.7404615
    40.0500000    59.9771434
    40.1000000    59.2174716
    40.1500000    60.4355626
    40.2000000    60.4974189
    40.2500000    60.3040047
    40.3000000    59.4787851
    40.3500000    59.7029496
    40.4000000    59.8007370
    40.4500000    60.5502739
    40.5000000    60.3524494
    40.5500000    60.7068323
    40.6000000    60.9543075
    40.6500000    60.5968110
    40.7000000    59.1676642
    40.7500000    59.5552645
    40.8000000    59.9334671
    40.8500000    60.6673342
    40.9000000    59.8383972
    40.9500000    59.2487403
    41.0000000    60.6276715
    41.0500000    60.4455260
    41.1000000    59.4433206
    41.1500000    59.5503874
    41.2000000    59.1614577
    41.2500000    60.6651499
