    23.6213982   481.8852786
    23.6713982   480.9335133
    23.7213982   479.9572230
    23.7713982   478.9564077
    23.8213982   477.9310674
    23.8713982   476.8812021
    23.9213982   475.8068118
    23.9713982   474.7078964
    24.0213982   473.5844561
    24.0713982   472.4364908
    24.1213982   471.2640005
    24.1713982   470.0669852
    24.2213982   468.8454449
    24.2713982   467.5993795
    24.3213982   466.3287892
    24.3713982   465.0336739
    24.4213982   463.7140336
    24.4713982   462.3698683
    24.5213982   461.0011780
    24.5713982   459.6079627
    24.6213982   458.1902223
    24.6713982   456.7479570
    24.7213982   455.2811667
    24.7713982   453.7898514
    24.8213982   452.2740111
    24.8713982   450.7336458
    24.9213982   449.1687555
    24.9713982   447.5793401
    25.0213982   445.9653998
    25.0713982   444.3269345
    25.1213982   442.6639442
    25.1713982   440.9764289
    25.2213982   439.2643886
    25.2713982   437.5278233
    25.3213982   435.7667329
    25.3713982   433.9811176
    25.4213982   432.1709773
    25.4713982   430.3363120
    25.5213982   428.4771217
    25.5713982   426.5934064
    25.6213982   424.6851661
    25.6713982   422.7524007
    25.7213982   420.7951104
    25.7713982   418.8132951
    25.8213982   416.8069548
    25.8713982   414.7760895
    25.9213982   412.7206992
    25.9713982   410.6407839
    26.0213982   408.5363435
    26.0713982   406.4073782
    26.1213982   404.2538879
    26.1713982   402.0758726
    26.2213982   399.8733323
    26.2713982   397.6462670
    26.3213982   395.3946767
    26.3713982   393.1185613
    26.4213982   390.8179210
    26.4713982   388.4927557
    26.5213982   386.1430654
    26.5713982   383.7688501
    26.6213982   381.3701098
    26.6713982   378.9468445
    26.7213982   376.4990541
    26.7713982   374.0267388
    26.8213982   371.5298985
    26.8713982   369.0085332
    26.9213982   366.4626429
    26.9713982   363.8922276
    27.0213982   361.2972873
    27.0713982   358.6778219
    27.1213982   356.0338316
    27.1713982   353.3653163
    27.2213982   350.6722760
    27.2713982   347.9547107
    27.3213982   345.2126204
    27.3713982   342.4460051
    27.4213982   339.6548647
    27.4713982   336.8391994
    27.5213982   333.9990091
    27.5713982   331.1342938
    27.6213982   328.2450535
    27.6713982   325.3312882
    27.7213982   322.3929979
    27.7713982   319.4301825
    27.8213982   316.4428422
    27.8713982   313.4309769
    27.9213982   310.3945866
    27.9713982   307.3336713
    28.0213982   304.2482310
    28.0713982   301.1382657
    28.1213982   298.0037753
    28.1713982   294.8447600
    28.2213982   291.6612197
    28.2713982   288.4531544
    28.3213982   285.2205641
    28.3713982   281.9634488
    28.4213982   278.6818085
    28.4713982   275.3756431
    28.5213982   272.0449528
    28.5713982   268.6897375
    28.6213982   265.3099972
    28.6713982   261.9057319
    28.7213982   258.4769416
    28.7713982   255.0236263
    28.8213982   251.5457859
    28.8713982   248.0434206
    28.9213982   244.5165303
    28.9713982   240.9651150
    29.0213982   237.3891747
    29.0713982   233.7887094
    29.1213982   230.1637191
    29.1713982   226.5142037
    29.2213982   222.8401634
    29.2713982   219.1415981
    29.3213982   215.4185078
    29.3713982   211.6708925
    29.4213982   207.8987522
    29.4713982   204.1020869
    29.5213982   200.2808965
    29.5713982   196.4351812
    29.6213982   192.5649409
    29.6713982   188.6701756
    29.7213982   184.7508853
    29.7713982   180.8070700
    29.8213982   176.8387297
    29.8713982   172.8458643
    29.9213982   168.8284740
    29.9713982   164.7865587
    30.0213982   160.7201184
    30.0713982   156.6291531
    30.1213982   152.5136628
    30.1713982   148.3736475
    30.2213982   144.2091071
    30.2713982   140.0200418
    30.3213982   135.8064515
    30.3713982   131.5683362
    30.4213982   127.3056959
    30.4713982   123.0185306
    30.5213982   118.7068403
    30.5713982   114.3706249
    30.6213982   110.0098846
    30.6713982   105.6246193
    30.7213982   101.2148290
    30.7713982    96.7805137
    30.8213982    92.3216734
    30.8713982    87.8383081
    30.9213982    83.3304177
    30.9713982    78.7980024
    31.0213982    74.2410621
    31.0713982    69.6595968
    31.1213982    65.0536065
    31.1713982    60.4230912
    31.2213982    55.7680509
    31.2713982    51.0884855
    31.3213982    50.0000000
    31.3713982    50.0000000
    31.4213982    50.0000000
    31.4713982    50.0000000
    31.5213982    50.0000000
    31.5713982    50.0000000
    31.6213982    50.0000000
    31.6713982    50.0000000
    31.7213982    50.0000000
    31.7713982    50.0000000
    31.8213982    50.0000000
    31.8713982    50.0000000
    31.9213982    50.0000000
    31.9713982    50.0000000
    32.0213982    50.0000000
    32.0713982    50.0000000
    32.1213982    50.0000000
    32.1713982    50.0000000
    32.2213982    50.0000000
    32.2713982    50.0000000
    32.3213982    50.0000000
    32.3713982    50.0000000
    32.4213982    50.0000000
    32.4713982    50.0000000
    32.5213982    50.0000000
    32.5713982    50.0000000
    32.6213982    50.0000000
    32.6713982    50.0000000
    32.7213982    50.0000000
    32.7713982    50.0000000
    32.8213982    50.0000000
    32.8713982    50.0000000
    32.9213982    50.0000000
    32.9713982    50.0000000
    33.0213982    50.0000000
    33.0713982    50.0000000
    33.1213982    50.0000000
    33.1713982    50.0000000
    33.2213982    50.0000000
    33.2713982    50.0000000
    33.3213982    50.0000000
    33.3713982    50.0000000
    33.4213982    50.0000000
    33.4713982    50.0000000
    33.5213982    50.0000000
    33.5713982    50.0000000
    33.6213982    50.0000000
    33.6713982    50.0000000
    33.7213982    50.0000000
    33.7713982    50.0000000
    33.8213982    50.0000000
    33.8713982    50.0000000
    33.9213982    50.0000000
    33.9713982    50.0000000
    34.0213982    50.0000000
    34.0713982    50.0000000
    34.1213982    50.0000000
    34.1713982    50.0000000
    34.2213982    50.0000000
    34.2713982    50.0000000
    34.3213982    50.0000000
    34.3713982    50.0000000
    34.4213982    50.0000000
    34.4713982    50.0000000
    34.5213982    50.0000000
    34.5713982    50.0000000
    34.6213982    50.0000000
    34.6713982    50.0000000
    34.7213982    50.0000000
    34.7713982    50.0000000
    34.8213982    50.0000000
    34.8713982    50.0000000
    34.9213982    50.0000000
    34.9713982    50.0000000
    35.0213982    50.0000000
    35.0713982    50.0000000
    35.1213982    50.0000000
    35.1713982    50.0000000
    35.2213982    50.0000000
    35.2713982    50.0000000
    35.3213982    50.0000000
    35.3713982    50.0000000
    35.4213982    50.0000000
    35.4713982    50.0000000
    35.5213982    50.0000000
    35.5713982    50.0000000
    35.6213982    50.0000000
    35.6713982    50.0000000
    35.7213982    50.0000000
    35.7713982    50.0000000
    35.8213982    50.0000000
    35.8713982    50.0000000
    35.9213982    50.0000000
    35.9713982    50.0000000
    36.0213982    50.0000000
    36.0713982    50.0000000
    36.1213982    50.0000000
    36.1713982    50.0000000
    36.2213982    50.0000000
    36.2713982    50.0000000
    36.3213982    50.0000000
    36.3713982    50.0000000
    36.4213982    50.0000000
    36.4713982    50.0000000
    36.5213982    50.0000000
    36.5713982    50.0000000
    36.6213982    50.0000000
    36.6713982    50.0000000
    36.7213982    50.0000000
    36.7713982    50.0000000
    36.8213982    50.0000000
    36.8713982    50.0000000
    36.9213982    50.0000000
    36.9713982    50.0000000
    37.0213982    50.0000000
    37.0713982    50.0000000
    37.1213982    50.0000000
    37.1713982    50.0000000
    37.2213982    50.0000000
    37.2713982    50.0000000
    37.3213982    50.0000000
    37.3713982    50.0000000
    37.4213982    50.0000000
    37.4713982    50.0000000
    37.5213982    50.0000000
    37.5713982    50.0000000
    37.6213982    50.0000000
    37.6713982    50.0000000
    37.7213982    50.0000000
    37.7713982    50.0000000
    37.8213982    50.0000000
    37.8713982    50.0000000
    37.9213982    50.0000000
    37.9713982    50.0000000
    38.0213982    50.0000000
    38.0713982    50.0000000
    38.1213982    50.0000000
    38.1713982    50.0000000
    38.2213982    50.0000000
    38.2713982    50.0000000
    38.3213982    50.0000000
    38.3713982    50.0000000
    38.4213982    50.0000000
    38.4713982    50.0000000
    38.5213982    50.0000000
    38.5713982    50.0000000
    38.6213982    50.0000000
    38.6713982    50.0000000
    38.7213982    50.0000000
    38.7713982    50.0000000
    38.8213982    50.0000000
    38.8713982    50.0000000
    38.9213982    50.0000000
    38.9713982    50.0000000
    39.0213982    50.0000000
    39.0713982    50.0000000
    39.1213982    50.0000000
    39.1713982    50.0000000
    39.2213982    50.0000000
    39.2713982    50.0000000
    39.3213982    50.0000000
    39.3713982    50.0000000
    39.4213982    50.0000000
    39.4713982    50.0000000
    39.5213982    50.0000000
    39.5713982    50.0000000
    39.6213982    50.0000000
    39.6713982    50.0000000
    39.7213982    50.0000000
    39.7713982    50.0000000
    39.8213982    50.0000000
    39.8713982    50.0000000
    39.9213982    50.0000000
    39.9713982    50.0000000
    40.0213982    50.0000000
    40.0713982    50.0000000
    40.1213982    50.0000000
    40.1713982    50.0000000
    40.2213982    50.0000000
    40.2713982    50.0000000
    40.3213982    50.0000000
    40.3713982    50.0000000
    40.4213982    50.0000000
    40.4713982    50.0000000
    40.5213982    50.0000000
    40.5713982    50.0000000
    40.6213982    50.0000000
    40.6713982    50.0000000
    40.7213982    50.0000000
    40.7713982    50.0000000
    40.8213982    50.0000000
    40.8713982    50.0000000
    40.9213982    50.0000000
    40.9713982    50.0000000
    41.0213982    50.0000000
    41.0713982    50.0000000
    41.1213982    50.0000000
    41.1713982    50.0000000
    41.2213982    50.0000000
    41.2713982    50.0000000
