     0.0000000     0.0000000
     0.0500000     0.0000000
     0.1000000     0.0000000
     0.1500000     0.0000000
     0.2000000     0.0000000
     0.2500000     0.0000000
     0.3000000     0.0000000
     0.3500000     0.0000000
     0.4000000     0.0000000
     0.4500000     0.0000000
     0.5000000     0.0000000
     0.5500000     0.0000000
     0.6000000     0.0000000
     0.6500000     0.0000000
     0.7000000     0.0000000
     0.7500000     0.0000000
     0.8000000     0.0000000
     0.8500000     0.0000000
     0.9000000     0.0000000
     0.9500000     0.0000000
     1.0000000     0.0000000
     1.0500000     0.0000000
     1.1000000     0.0000000
     1.1500000     0.0000000
     1.2000000     0.0000000
     1.2500000     0.0000000
     1.3000000     0.0000000
     1.3500000     0.0000000
     1.4000000     0.0000000
     1.4500000     0.0000000
     1.5000000     0.0000000
     1.5500000     0.0000000
     1.6000000     0.0000000
     1.6500000     0.0000000
     1.7000000     0.0000000
     1.7500000     0.0000000
     1.8000000     0.0000000
     1.8500000     0.0000000
     1.9000000     0.0000000
     1.9500000     0.0000000
     2.0000000     0.0000000
     2.0500000     0.0000000
     2.1000000     0.0000000
     2.1500000     0.0000000
     2.2000000     0.0000000
     2.2500000     0.0000000
     2.3000000     0.0000000
     2.3500000     0.0000000
     2.4000000     0.0000000
     2.4500000     0.0000000
     2.5000000     0.0000000
     2.5500000     0.0000000
     2.6000000     0.0000000
     2.6500000     0.0000000
     2.7000000     0.0000000
     2.7500000     0.0000000
     2.8000000     0.0000000
     2.8500000     0.0000000
     2.9000000     0.0000000
     2.9500000     0.0000000
     3.0000000     0.0000000
     3.0500000     0.0000000
     3.1000000     0.0000000
     3.1500000     0.0000000
     3.2000000     0.0000000
     3.2500000     0.0000000
     3.3000000     0.0000000
     3.3500000     0.0000000
     3.4000000     0.0000000
     3.4500000     0.0000000
     3.5000000     0.0000000
     3.5500000     0.0000000
     3.6000000     0.0000000
     3.6500000     0.0000000
     3.7000000     0.0000000
     3.7500000     0.0000000
     3.8000000     0.0000000
     3.8500000     0.0000000
     3.9000000     0.0000000
     3.9500000     0.0000000
     4.0000000     0.0000000
     4.0500000     0.0000000
     4.1000000     0.0000000
     4.1500000     0.0000000
     4.2000000     0.0000000
     4.2500000     0.0000000
     4.3000000     0.0000000
     4.3500000     0.0000000
     4.4000000     0.0000000
     4.4500000     0.0000000
     4.5000000     0.0000000
     4.5500000     0.0000000
     4.6000000     0.0000000
     4.6500000     0.0000000
     4.7000000     0.0000000
     4.7500000     0.0000000
     4.8000000     0.0000000
     4.8500000     0.0000000
     4.9000000     0.0000000
     4.9500000     0.0000000
     5.0000000     0.0000000
     5.0500000     0.0000000
     5.1000000     0.0000000
     5.1500000     0.0000000
     5.2000000     0.0000000
     5.2500000     0.0000000
     5.3000000     0.0000000
     5.3500000     0.0000000
     5.4000000     0.0000000
     5.4500000     0.0000000
     5.5000000     0.0000000
     5.5500000     0.0000000
     5.6000000     0.0000000
     5.6500000     0.0000000
     5.7000000     0.0000000
     5.7500000     0.0000000
     5.8000000     0.0000000
     5.8500000     0.0000000
     5.9000000     0.0000000
     5.9500000     0.0000000
     6.0000000     0.0000000
     6.0500000     0.0000000
     6.1000000     0.0000000
     6.1500000     0.0000000
     6.2000000     0.0000000
     6.2500000     0.0000000
     6.3000000     0.0000000
     6.3500000     0.0000000
     6.4000000     0.0000000
     6.4500000     0.0000000
     6.5000000     0.0000000
     6.5500000     0.0000000
     6.6000000     0.0000000
     6.6500000     0.0000000
     6.7000000     0.0000000
     6.7500000     0.0000000
     6.8000000     0.0000000
     6.8500000     0.0000000
     6.9000000     0.0000000
     6.9500000     0.0000000
     7.0000000     0.0000000
     7.0500000     0.0000000
     7.1000000     0.0000000
     7.1500000     0.0000000
     7.2000000     0.0000000
     7.2500000     0.0000000
     7.3000000     0.0000000
     7.3500000     0.0000000
     7.4000000     0.0000000
     7.4500000     0.0000000
     7.5000000     0.0000000
     7.5500000     0.0000000
     7.6000000     0.0000000
     7.6500000     0.0000000
     7.7000000     0.0000000
     7.7500000     0.0000000
     7.8000000     0.0000000
     7.8500000     0.0000000
     7.9000000     0.0000000
     7.9500000     0.0000000
     8.0000000     0.0000000
     8.0500000     0.0000000
     8.1000000     0.0000000
     8.1500000     0.0000000
     8.2000000     0.0000000
     8.2500000     0.0000000
     8.3000000     0.0000000
     8.3500000     0.0000000
     8.4000000     0.0000000
     8.4500000     0.0000000
     8.5000000     0.0000000
     8.5500000     0.0000000
     8.6000000     0.0000000
     8.6500000     0.0000000
     8.7000000     0.0000000
     8.7500000     0.0000000
     8.8000000     0.0000000
     8.8500000     0.0000000
     8.9000000     0.0000000
     8.9500000     0.0000000
     9.0000000     0.0000000
     9.0500000     0.0000000
     9.1000000     0.0000000
     9.1500000     0.0000000
     9.2000000     0.0000000
     9.2500000     0.0000000
     9.3000000     0.0000000
     9.3500000     0.0000000
     9.4000000     0.0000000
     9.4500000     0.0000000
     9.5000000     0.0000000
     9.5500000     0.0000000
     9.6000000     0.0000000
     9.6500000     0.0000000
     9.7000000     0.0000000
     9.7500000     0.0000000
     9.8000000     0.0000000
     9.8500000     0.0000000
     9.9000000     0.0000000
     9.9500000     0.0000000
    10.0000000     0.0000000
    10.0500000     0.0525448
    10.1000000     0.2101793
    10.1500000     0.4729033
    10.2000000     0.8407170
    10.2500000     1.3136203
    10.3000000     1.8916133
    10.3500000     2.5746958
    10.4000000     3.3628680
    10.4500000     4.2561298
    10.5000000     5.2544813
    10.5500000     6.3579223
    10.6000000     7.5664530
    10.6500000     8.8800733
    10.7000000    10.2987833
    10.7500000    11.8225828
    10.8000000    13.4514720
    10.8500000    15.1854508
    10.9000000    17.0245193
    10.9500000    18.9686773
    11.0000000    21.0179250
    11.0500000    23.1722623
    11.1000000    25.4316893
    11.1500000    27.7962058
    11.2000000    30.2658120
    11.2500000    32.8405078
    11.3000000    35.5202933
    11.3500000    38.3051683
    11.4000000    41.1951330
    11.4500000    44.1901873
    11.5000000    47.2903313
    11.5500000    50.4955648
    11.6000000    53.8058880
    11.6500000    57.2213008
    11.7000000    60.7418033
    11.7500000    64.3673953
    11.8000000    68.0980770
    11.8500000    71.9338483
    11.9000000    75.8747093
    11.9500000    79.9206598
    12.0000000    84.0717000
    12.0500000    88.3278298
    12.1000000    92.6890493
    12.1500000    97.1553583
    12.2000000   101.7267570
    12.2500000   106.4032453
    12.3000000   111.1848233
    12.3500000   116.0714908
    12.4000000   121.0632480
    12.4500000   126.1600948
    12.5000000   131.3620313
    12.5500000   136.6690573
    12.6000000   142.0811730
    12.6500000   147.5983783
    12.7000000   153.2206733
    12.7500000   158.9480578
    12.8000000   164.7805320
    12.8500000   170.7180958
    12.9000000   176.7607493
    12.9500000   182.9084923
    13.0000000   189.1613250
    13.0500000   195.4544400
    13.1000000   201.7230300
    13.1500000   207.9670950
    13.2000000   214.1866350
    13.2500000   220.3816500
    13.3000000   226.5521400
    13.3500000   232.6981050
    13.4000000   238.8195450
    13.4500000   244.9164600
    13.5000000   250.9888500
    13.5500000   257.0367150
    13.6000000   263.0600550
    13.6500000   269.0588700
    13.7000000   275.0331600
    13.7500000   280.9829250
    13.8000000   286.9081650
    13.8500000   292.8088800
    13.9000000   298.6850700
    13.9500000   304.5367350
    14.0000000   310.3638750
    14.0500000   316.1664900
    14.1000000   321.9445800
    14.1500000   327.6981450
    14.2000000   333.4271850
    14.2500000   339.1317000
    14.3000000   344.8116900
    14.3500000   350.4671550
    14.4000000   356.0980950
    14.4500000   361.7045100
    14.5000000   367.2864000
    14.5500000   372.8437650
    14.6000000   378.3766050
    14.6500000   383.8849200
    14.7000000   389.3687100
    14.7500000   394.8279750
    14.8000000   400.2627150
    14.8500000   405.6729300
    14.9000000   411.0586200
    14.9500000   416.4197850
    15.0000000   421.7564250
    15.0500000   427.0685400
    15.1000000   432.3561300
    15.1500000   437.6191950
    15.2000000   442.8577350
    15.2500000   448.0717500
    15.3000000   453.2612400
    15.3500000   458.4262050
    15.4000000   463.5666450
    15.4500000   468.6825600
    15.5000000   473.7739500
    15.5500000   478.8408150
    15.6000000   483.8831550
    15.6500000   488.9009700
    15.7000000   493.8942600
    15.7500000   498.8630250
    15.8000000   503.8072650
    15.8500000   508.7269800
    15.9000000   513.6221700
    15.9500000   518.4928350
    16.0000000   523.3389750
    16.0500000   528.1605900
    16.1000000   532.9576800
    16.1500000   537.7302450
    16.2000000   542.4782850
    16.2500000   547.2018000
    16.3000000   551.9007900
    16.3500000   556.5752550
    16.4000000   561.2251950
    16.4500000   565.8506100
    16.5000000   570.4515000
    16.5500000   575.0278650
    16.6000000   579.5797050
    16.6500000   584.1070200
    16.7000000   588.6098100
    16.7500000   593.0880750
    16.8000000   597.5418150
    16.8500000   601.9710300
    16.9000000   606.3757200
    16.9500000   610.7558850
    17.0000000   615.1115250
    17.0500000   619.4426400
    17.1000000   623.7492300
    17.1500000   628.0312950
    17.2000000   632.2888350
    17.2500000   636.5218500
    17.3000000   640.7303400
    17.3500000   644.9143050
    17.4000000   649.0737450
    17.4500000   653.2086600
    17.5000000   657.3190500
    17.5500000   661.4049150
    17.6000000   665.4662550
    17.6500000   669.5030700
    17.7000000   673.5153600
    17.7500000   677.5031250
    17.8000000   681.4663650
    17.8500000   685.4050800
    17.9000000   689.3192700
    17.9500000   693.2089350
    18.0000000   697.0740750
    18.0500000   700.9146900
    18.1000000   704.7307800
    18.1500000   708.5223450
    18.2000000   712.2893850
    18.2500000   716.0319000
    18.3000000   719.7498900
    18.3500000   723.4433550
    18.4000000   727.1122950
    18.4500000   730.7567100
    18.5000000   734.3766000
    18.5500000   737.9719650
    18.6000000   741.5428050
    18.6500000   745.0891200
    18.7000000   748.6109100
    18.7500000   752.1081750
    18.8000000   755.5809150
    18.8500000   759.0291300
    18.9000000   762.4528200
    18.9500000   765.8519850
    19.0000000   769.2266250
    19.0500000   772.5767400
    19.1000000   775.9023300
    19.1500000   779.2033950
    19.2000000   782.4799350
    19.2500000   785.7319500
    19.3000000   788.9594400
    19.3500000   792.1624050
    19.4000000   795.3408450
    19.4500000   798.4947600
    19.5000000   801.6241500
    19.5500000   804.7290150
    19.6000000   807.8093550
    19.6500000   810.8651700
    19.7000000   813.8964600
    19.7500000   816.9032250
    19.8000000   819.8854650
    19.8500000   822.8431800
    19.9000000   825.7763700
    19.9500000   828.6850350
    20.0000000   831.5691750
    20.0500000   834.4287900
    20.1000000   837.2638800
    20.1500000   840.0744450
    20.2000000   842.8604850
    20.2500000   845.6220000
    20.3000000   848.3589900
    20.3500000   851.0714550
    20.4000000   853.7593950
    20.4500000   856.4228100
    20.5000000   859.0617000
    20.5500000   861.6760650
    20.6000000   864.2659050
    20.6500000   866.8312200
    20.7000000   869.3720100
    20.7500000   871.8882750
    20.8000000   874.3800150
    20.8500000   876.8472300
    20.9000000   879.2899200
    20.9500000   881.7080850
    21.0000000   884.1017250
    21.0500000   886.4708400
    21.1000000   888.8154300
    21.1500000   891.1354950
    21.2000000   893.4310350
    21.2500000   895.7020500
    21.3000000   897.9485400
    21.3500000   900.1705050
    21.4000000   902.3679450
    21.4500000   904.5408600
    21.5000000   906.6892500
    21.5500000   908.8131150
    21.6000000   910.9124550
    21.6500000   912.9872700
    21.7000000   915.0375600
    21.7500000   917.0633250
    21.8000000   919.0645650
    21.8500000   921.0412800
    21.9000000   922.9934700
    21.9500000   924.9211350
    22.0000000   926.8242750
    22.0500000   928.7028900
    22.1000000   930.5569800
    22.1500000   932.3865450
    22.2000000   934.1915850
    22.2500000   935.9721000
    22.3000000   937.7280900
    22.3500000   939.4595550
    22.4000000   941.1664950
    22.4500000   942.8489100
    22.5000000   944.5068000
    22.5500000   946.1401650
    22.6000000   947.7490050
    22.6500000   949.3333200
    22.7000000   950.8931100
    22.7500000   952.4283750
    22.8000000   953.9391150
    22.8500000   955.4253300
    22.9000000   956.8870200
    22.9500000   958.3241850
    23.0000000   959.7368250
    23.0500000   961.1249400
    23.1000000   962.4885300
    23.1500000   963.8275950
    23.2000000   965.1421350
    23.2500000   966.4321500
    23.3000000   967.6976400
    23.3500000   968.9386050
    23.4000000   970.1550450
    23.4500000   971.3469600
    23.5000000   972.5143500
    23.5500000   973.6572150
    23.6000000   974.7755550
    23.6500000   975.8693700
    23.7000000   976.9386600
    23.7500000   977.9834250
    23.8000000   979.0036650
    23.8500000   979.9993800
    23.9000000   980.9705700
    23.9500000   981.9172350
    24.0000000   982.8393750
    24.0500000   983.7369900
    24.1000000   984.6100800
    24.1500000   985.4586450
    24.2000000   986.2826850
    24.2500000   987.0822000
    24.3000000   987.8571900
    24.3500000   988.6076550
    24.4000000   989.3335950
    24.4500000   990.0350100
    24.5000000   990.7119000
    24.5500000   991.3642650
    24.6000000   991.9921050
    24.6500000   992.5954200
    24.7000000   993.1742100
    24.7500000   993.7284750
    24.8000000   994.2582150
    24.8500000   994.7634300
    24.9000000   995.2441200
    24.9500000   995.7002850
    25.0000000   996.1319250
    25.0500000   996.5390400
    25.1000000   996.9216300
    25.1500000   997.2796950
    25.2000000   997.6132350
    25.2500000   997.9222500
    25.3000000   998.2067400
    25.3500000   998.4667050
    25.4000000   998.7021450
    25.4500000   998.9130600
    25.5000000   999.0994500
    25.5500000   999.2613150
    25.6000000   999.3986550
    25.6500000   999.5114700
    25.7000000   999.5997600
    25.7500000   999.6635250
    25.8000000   999.7027650
    25.8500000   999.7174800
    25.9000000   999.7076700
    25.9500000   999.6733350
    26.0000000   999.6144750
    26.0500000   999.5310900
    26.1000000   999.4231800
    26.1500000   999.2907450
    26.2000000   999.1337850
    26.2500000   998.9523000
    26.3000000   998.7462900
    26.3500000   998.5157550
    26.4000000   998.2606950
    26.4500000   997.9811100
    26.5000000   997.6770000
    26.5500000   997.3483650
    26.6000000   996.9952050
    26.6500000   996.6175200
    26.7000000   996.2153100
    26.7500000   995.7885750
    26.8000000   995.3373150
    26.8500000   994.8615300
    26.9000000   994.3612200
    26.9500000   993.8363850
    27.0000000   993.2870250
    27.0500000   992.7131400
    27.1000000   992.1147300
    27.1500000   991.4917950
    27.2000000   990.8443350
    27.2500000   990.1723500
    27.3000000   989.4758400
    27.3500000   988.7548050
    27.4000000   988.0092450
    27.4500000   987.2391600
    27.5000000   986.4445500
    27.5500000   985.6254150
    27.6000000   984.7817550
    27.6500000   983.9135700
    27.7000000   983.0208600
    27.7500000   982.1036250
    27.8000000   981.1618650
    27.8500000   980.1955800
    27.9000000   979.2047700
    27.9500000   978.1894350
    28.0000000   977.1495750
    28.0500000   976.0851900
    28.1000000   974.9962800
    28.1500000   973.8828450
    28.2000000   972.7448850
    28.2500000   971.5824000
    28.3000000   970.3953900
    28.3500000   969.1838550
    28.4000000   967.9477950
    28.4500000   966.6872100
    28.5000000   965.4021000
    28.5500000   964.0924650
    28.6000000   962.7583050
    28.6500000   961.3996200
    28.7000000   960.0164100
    28.7500000   958.6086750
    28.8000000   957.1764150
    28.8500000   955.7196300
    28.9000000   954.2383200
    28.9500000   952.7324850
    29.0000000   951.2021250
    29.0500000   949.6472400
    29.1000000   948.0678300
    29.1500000   946.4638950
    29.2000000   944.8354350
    29.2500000   943.1824500
    29.3000000   941.5049400
    29.3500000   939.8029050
    29.4000000   938.0763450
    29.4500000   936.3252600
    29.5000000   934.5496500
    29.5500000   932.7495150
    29.6000000   930.9248550
    29.6500000   929.0756700
    29.7000000   927.2019600
    29.7500000   925.3037250
    29.8000000   923.3809650
    29.8500000   921.4336800
    29.9000000   919.4618700
    29.9500000   917.4655350
    30.0000000   915.4446750
    30.0500000   913.3992900
    30.1000000   911.3293800
    30.1500000   909.2349450
    30.2000000   907.1159850
    30.2500000   904.9725000
    30.3000000   902.8044900
    30.3500000   900.6119550
    30.4000000   898.3948950
    30.4500000   896.1533100
    30.5000000   893.8872000
    30.5500000   891.5965650
    30.6000000   889.2814050
    30.6500000   886.9417200
    30.7000000   884.5775100
    30.7500000   882.1887750
    30.8000000   879.7755150
    30.8500000   877.3377300
    30.9000000   874.8754200
    30.9500000   872.3885850
    31.0000000   869.8772250
    31.0500000   867.3413400
    31.1000000   864.7809300
    31.1500000   862.1959950
    31.2000000   859.5865350
    31.2500000   856.9525500
    31.3000000   854.2940400
    31.3500000   851.6110050
    31.4000000   848.9034450
    31.4500000   846.1713600
    31.5000000   843.4147500
    31.5500000   840.6336150
    31.6000000   837.8279550
    31.6500000   834.9977700
    31.7000000   832.1430600
    31.7500000   829.2638250
    31.8000000   826.3600650
    31.8500000   823.4317800
    31.9000000   820.4789700
    31.9500000   817.5016350
    32.0000000   814.4997750
    32.0500000   811.4733900
    32.1000000   808.4224800
    32.1500000   805.3470450
    32.2000000   802.2470850
    32.2500000   799.1226000
    32.3000000   795.9735900
    32.3500000   792.8000550
    32.4000000   789.6019950
    32.4500000   786.3794100
    32.5000000   783.1323000
    32.5500000   779.8606650
    32.6000000   776.5645050
    32.6500000   773.2438200
    32.7000000   769.8986100
    32.7500000   766.5288750
    32.8000000   763.1346150
    32.8500000   759.7158300
    32.9000000   756.2725200
    32.9500000   752.8046850
    33.0000000   749.3123250
    33.0500000   745.7954400
    33.1000000   742.2540300
    33.1500000   738.6880950
    33.2000000   735.0976350
    33.2500000   731.4826500
    33.3000000   727.8431400
    33.3500000   724.1791050
    33.4000000   720.4905450
    33.4500000   716.7774600
    33.5000000   713.0398500
    33.5500000   709.2777150
    33.6000000   705.4910550
    33.6500000   701.6798700
    33.7000000   697.8441600
    33.7500000   693.9839250
    33.8000000   690.0991650
    33.8500000   686.1898800
    33.9000000   682.2560700
    33.9500000   678.2977350
    34.0000000   674.3148750
    34.0500000   670.3074900
    34.1000000   666.2755800
    34.1500000   662.2191450
    34.2000000   658.1381850
    34.2500000   654.0327000
    34.3000000   649.9026900
    34.3500000   645.7481550
    34.4000000   641.5690950
    34.4500000   637.3655100
    34.5000000   633.1374000
    34.5500000   628.8847650
    34.6000000   624.6076050
    34.6500000   620.3059200
    34.7000000   615.9797100
    34.7500000   611.6289750
    34.8000000   607.2537150
    34.8500000   602.8539300
    34.9000000   598.4296200
    34.9500000   593.9807850
    35.0000000   589.5074250
    35.0500000   585.0095400
    35.1000000   580.4871300
    35.1500000   575.9401950
    35.2000000   571.3687350
    35.2500000   566.7727500
    35.3000000   562.1522400
    35.3500000   557.5072050
    35.4000000   552.8376450
    35.4500000   548.1435600
    35.5000000   543.4249500
    35.5500000   538.6818150
    35.6000000   533.9141550
    35.6500000   529.1219700
    35.7000000   524.3052600
    35.7500000   519.4640250
    35.8000000   514.5982650
    35.8500000   509.7079800
    35.9000000   504.7931700
    35.9500000   499.8538350
    36.0000000   494.8899750
    36.0500000   489.9015900
    36.1000000   484.8886800
    36.1500000   479.8512450
    36.2000000   474.7892850
    36.2500000   469.7028000
    36.3000000   464.5917900
    36.3500000   459.4562550
    36.4000000   454.2961950
    36.4500000   449.1116100
    36.5000000   443.9025000
    36.5500000   438.6688650
    36.6000000   433.4107050
    36.6500000   428.1280200
    36.7000000   422.8208100
    36.7500000   417.4890750
    36.8000000   412.1328150
    36.8500000   406.7520300
    36.9000000   401.3467200
    36.9500000   395.9168850
    37.0000000   390.4625250
    37.0500000   384.9836400
    37.1000000   379.4802300
    37.1500000   373.9522950
    37.2000000   368.3998350
    37.2500000   362.8228500
    37.3000000   357.2213400
    37.3500000   351.5953050
    37.4000000   345.9447450
    37.4500000   340.2696600
    37.5000000   334.5700500
    37.5500000   328.8459150
    37.6000000   323.0972550
    37.6500000   317.3240700
    37.7000000   311.5263600
    37.7500000   305.7041250
    37.8000000   299.8573650
    37.8500000   293.9860800
    37.9000000   288.0902700
    37.9500000   282.1699350
    38.0000000   276.2250750
    38.0500000   270.2556900
    38.1000000   264.2617800
    38.1500000   258.2433450
    38.2000000   252.2003850
    38.2500000   246.1329000
    38.3000000   240.0408900
    38.3500000   233.9243550
    38.4000000   227.7832950
    38.4500000   221.6177100
    38.5000000   215.4276000
    38.5500000   209.2129650
    38.6000000   202.9738050
    38.6500000   196.7101200
    38.7000000   190.4219100
    38.7500000   184.1091750
    38.8000000   177.7719150
    38.8500000   171.4101300
    38.9000000   165.0238200
    38.9500000   158.6129850
    39.0000000   152.1776250
    39.0500000   145.7177400
    39.1000000   139.2333300
    39.1500000   132.7243950
    39.2000000   126.1909350
    39.2500000   119.6329500
    39.3000000   113.0504400
    39.3500000   106.4434050
    39.4000000    99.8118450
    39.4500000    93.1557600
    39.5000000    86.4751500
    39.5500000    79.7700150
    39.6000000    73.0403550
    39.6500000    66.2861700
    39.7000000    59.5074600
    39.7500000    52.7042250
    39.8000000    50.0000000
    39.8500000    50.0000000
    39.9000000    50.0000000
    39.9500000    50.0000000
    40.0000000    50.0000000
    40.0500000    50.0000000
    40.1000000    50.0000000
    40.1500000    50.0000000
    40.2000000    50.0000000
    40.2500000    50.0000000
    40.3000000    50.0000000
    40.3500000    50.0000000
    40.4000000    50.0000000
    40.4500000    50.0000000
    40.5000000    50.0000000
    40.5500000    50.0000000
    40.6000000    50.0000000
    40.6500000    50.0000000
    40.7000000    50.0000000
    40.7500000    50.0000000
    40.8000000    50.0000000
    40.8500000    50.0000000
    40.9000000    50.0000000
    40.9500000    50.0000000
    41.0000000    50.0000000
    41.0500000    50.0000000
    41.1000000    50.0000000
    41.1500000    50.0000000
    41.2000000    50.0000000
    41.2500000    50.0000000
    41.3000000    50.0000000
    41.3500000    50.0000000
    41.4000000    50.0000000
    41.4500000    50.0000000
    41.5000000    50.0000000
    41.5500000    50.0000000
    41.6000000    50.0000000
    41.6500000    50.0000000
    41.7000000    50.0000000
    41.7500000    50.0000000
    41.8000000    50.0000000
    41.8500000    50.0000000
    41.9000000    50.0000000
    41.9500000    50.0000000
    42.0000000    50.0000000
    42.0500000    50.0000000
    42.1000000    50.0000000
    42.1500000    50.0000000
    42.2000000    50.0000000
    42.2500000    50.0000000
    42.3000000    50.0000000
    42.3500000    50.0000000
    42.4000000    50.0000000
    42.4500000    50.0000000
    42.5000000    50.0000000
    42.5500000    50.0000000
    42.6000000    50.0000000
    42.6500000    50.0000000
    42.7000000    50.0000000
    42.7500000    50.0000000
    42.8000000    50.0000000
    42.8500000    50.0000000
    42.9000000    50.0000000
    42.9500000    50.0000000
    43.0000000    50.0000000
    43.0500000    50.0000000
    43.1000000    50.0000000
    43.1500000    50.0000000
    43.2000000    50.0000000
    43.2500000    50.0000000
    43.3000000    50.0000000
    43.3500000    50.0000000
    43.4000000    50.0000000
    43.4500000    50.0000000
    43.5000000    50.0000000
    43.5500000    50.0000000
    43.6000000    50.0000000
    43.6500000    50.0000000
    43.7000000    50.0000000
    43.7500000    50.0000000
    43.8000000    50.0000000
    43.8500000    50.0000000
    43.9000000    50.0000000
    43.9500000    50.0000000
    44.0000000    50.0000000
    44.0500000    50.0000000
    44.1000000    50.0000000
    44.1500000    50.0000000
    44.2000000    50.0000000
    44.2500000    50.0000000
    44.3000000    50.0000000
    44.3500000    50.0000000
    44.4000000    50.0000000
    44.4500000    50.0000000
    44.5000000    50.0000000
    44.5500000    50.0000000
    44.6000000    50.0000000
    44.6500000    50.0000000
    44.7000000    50.0000000
    44.7500000    50.0000000
    44.8000000    50.0000000
    44.8500000    50.0000000
    44.9000000    50.0000000
    44.9500000    50.0000000
    45.0000000    50.0000000
    45.0500000    50.0000000
    45.1000000    50.0000000
    45.1500000    50.0000000
    45.2000000    50.0000000
    45.2500000    50.0000000
    45.3000000    50.0000000
    45.3500000    50.0000000
    45.4000000    50.0000000
    45.4500000    50.0000000
    45.5000000    50.0000000
    45.5500000    50.0000000
    45.6000000    50.0000000
    45.6500000    50.0000000
    45.7000000    50.0000000
    45.7500000    50.0000000
    45.8000000    50.0000000
    45.8500000    50.0000000
    45.9000000    50.0000000
    45.9500000    50.0000000
    46.0000000    50.0000000
    46.0500000    50.0000000
    46.1000000    50.0000000
    46.1500000    50.0000000
    46.2000000    50.0000000
    46.2500000    50.0000000
    46.3000000    50.0000000
    46.3500000    50.0000000
    46.4000000    50.0000000
    46.4500000    50.0000000
    46.5000000    50.0000000
    46.5500000    50.0000000
    46.6000000    50.0000000
    46.6500000    50.0000000
    46.7000000    50.0000000
    46.7500000    50.0000000
    46.8000000    50.0000000
    46.8500000    50.0000000
    46.9000000    50.0000000
    46.9500000    50.0000000
    47.0000000    50.0000000
    47.0500000    50.0000000
    47.1000000    50.0000000
    47.1500000    50.0000000
    47.2000000    50.0000000
    47.2500000    50.0000000
    47.3000000    50.0000000
    47.3500000    50.0000000
    47.4000000    50.0000000
    47.4500000    50.0000000
    47.5000000    50.0000000
    47.5500000    50.0000000
    47.6000000    50.0000000
    47.6500000    50.0000000
    47.7000000    50.0000000
    47.7500000    50.0000000
    47.8000000    50.0000000
    47.8500000    50.0000000
    47.9000000    50.0000000
    47.9500000    50.0000000
    48.0000000    50.0000000
    48.0500000    50.0000000
    48.1000000    50.0000000
    48.1500000    50.0000000
    48.2000000    50.0000000
    48.2500000    50.0000000
    48.3000000    50.0000000
    48.3500000    50.0000000
    48.4000000    50.0000000
    48.4500000    50.0000000
    48.5000000    50.0000000
    48.5500000    50.0000000
    48.6000000    50.0000000
    48.6500000    50.0000000
    48.7000000    50.0000000
    48.7500000    50.0000000
    48.8000000    50.0000000
    48.8500000    50.0000000
    48.9000000    50.0000000
    48.9500000    50.0000000
    49.0000000    50.0000000
    49.0500000    50.0000000
    49.1000000    50.0000000
    49.1500000    50.0000000
    49.2000000    50.0000000
    49.2500000    50.0000000
    49.3000000    50.0000000
    49.3500000    50.0000000
    49.4000000    50.0000000
    49.4500000    50.0000000
    49.5000000    50.0000000
    49.5500000    50.0000000
    49.6000000    50.0000000
    49.6500000    50.0000000
    49.7000000    50.0000000
    49.7500000    50.0000000
