     0.0000000     0.0000000
     0.0500000     0.0000000
     0.1000000     0.0000000
     0.1500000     0.0000000
     0.2000000     0.0000000
     0.2500000     0.0000000
     0.3000000     0.0000000
     0.3500000     0.0000000
     0.4000000     0.0000000
     0.4500000     0.0000000
     0.5000000     0.0000000
     0.5500000     0.0000000
     0.6000000     0.0000000
     0.6500000     0.0000000
     0.7000000     0.0000000
     0.7500000     0.0000000
     0.8000000     0.0000000
     0.8500000     0.0000000
     0.9000000     0.0000000
     0.9500000     0.0000000
     1.0000000     0.0000000
     1.0500000     0.0000000
     1.1000000     0.0000000
     1.1500000     0.0000000
     1.2000000     0.0000000
     1.2500000     0.0000000
     1.3000000     0.0000000
     1.3500000     0.0000000
     1.4000000     0.0000000
     1.4500000     0.0000000
     1.5000000     0.0000000
     1.5500000     0.0000000
     1.6000000     0.0000000
     1.6500000     0.0000000
     1.7000000     0.0000000
     1.7500000     0.0000000
     1.8000000     0.0000000
     1.8500000     0.0000000
     1.9000000     0.0000000
     1.9500000     0.0000000
     2.0000000     0.0000000
     2.0500000     0.0000000
     2.1000000     0.0000000
     2.1500000     0.0000000
     2.2000000     0.0000000
     2.2500000     0.0000000
     2.3000000     0.0000000
     2.3500000     0.0000000
     2.4000000     0.0000000
     2.4500000     0.0000000
     2.5000000     0.0000000
     2.5500000     0.0000000
     2.6000000     0.0000000
     2.6500000     0.0000000
     2.7000000     0.0000000
     2.7500000     0.0000000
     2.8000000     0.0000000
     2.8500000     0.0000000
     2.9000000     0.0000000
     2.9500000     0.0000000
     3.0000000     0.0000000
     3.0500000     0.0000000
     3.1000000     0.0000000
     3.1500000     0.0000000
     3.2000000     0.0000000
     3.2500000     0.0000000
     3.3000000     0.0000000
     3.3500000     0.0000000
     3.4000000     0.0000000
     3.4500000     0.0000000
     3.5000000     0.0000000
     3.5500000     0.0000000
     3.6000000     0.0000000
     3.6500000     0.0000000
     3.7000000     0.0000000
     3.7500000     0.0000000
     3.8000000     0.0000000
     3.8500000     0.0000000
     3.9000000     0.0000000
     3.9500000     0.0000000
     4.0000000     0.0000000
     4.0500000     0.0000000
     4.1000000     0.0000000
     4.1500000     0.0000000
     4.2000000     0.0000000
     4.2500000     0.0000000
     4.3000000     0.0000000
     4.3500000     0.0000000
     4.4000000     0.0000000
     4.4500000     0.0000000
     4.5000000     0.0000000
     4.5500000     0.0000000
     4.6000000     0.0000000
     4.6500000     0.0000000
     4.7000000     0.0000000
     4.7500000     0.0000000
     4.8000000     0.0000000
     4.8500000     0.0000000
     4.9000000     0.0000000
     4.9500000     0.0000000
     5.0000000     0.0000000
     5.0500000     0.0000000
     5.1000000     0.0000000
     5.1500000     0.0000000
     5.2000000     0.0000000
     5.2500000     0.0000000
     5.3000000     0.0000000
     5.3500000     0.0000000
     5.4000000     0.0000000
     5.4500000     0.0000000
     5.5000000     0.0000000
     5.5500000     0.0000000
     5.6000000     0.0000000
     5.6500000     0.0000000
     5.7000000     0.0000000
     5.7500000     0.0000000
     5.8000000     0.0000000
     5.8500000     0.0000000
     5.9000000     0.0000000
     5.9500000     0.0000000
     6.0000000     0.0000000
     6.0500000     0.0000000
     6.1000000     0.0000000
     6.1500000     0.0000000
     6.2000000     0.0000000
     6.2500000     0.0000000
     6.3000000     0.0000000
     6.3500000     0.0000000
     6.4000000     0.0000000
     6.4500000     0.0000000
     6.5000000     0.0000000
     6.5500000     0.0000000
     6.6000000     0.0000000
     6.6500000     0.0000000
     6.7000000     0.0000000
     6.7500000     0.0000000
     6.8000000     0.0000000
     6.8500000     0.0000000
     6.9000000     0.0000000
     6.9500000     0.0000000
     7.0000000     0.0000000
     7.0500000     0.0000000
     7.1000000     0.0000000
     7.1500000     0.0000000
     7.2000000     0.0000000
     7.2500000     0.0000000
     7.3000000     0.0000000
     7.3500000     0.0000000
     7.4000000     0.0000000
     7.4500000     0.0000000
     7.5000000     0.0000000
     7.5500000     0.0000000
     7.6000000     0.0000000
     7.6500000     0.0000000
     7.7000000     0.0000000
     7.7500000     0.0000000
     7.8000000     0.0000000
     7.8500000     0.0000000
     7.9000000     0.0000000
     7.9500000     0.0000000
     8.0000000     0.0000000
     8.0500000     0.0000000
     8.1000000     0.0000000
     8.1500000     0.0000000
     8.2000000     0.0000000
     8.2500000     0.0000000
     8.3000000     0.0000000
     8.3500000     0.0000000
     8.4000000     0.0000000
     8.4500000     0.0000000
     8.5000000     0.0000000
     8.5500000     0.0000000
     8.6000000     0.0000000
     8.6500000     0.0000000
     8.7000000     0.0000000
     8.7500000     0.0000000
     8.8000000     0.0000000
     8.8500000     0.0000000
     8.9000000     0.0000000
     8.9500000     0.0000000
     9.0000000     0.0000000
     9.0500000     0.0000000
     9.1000000     0.0000000
     9.1500000     0.0000000
     9.2000000     0.0000000
     9.2500000     0.0000000
     9.3000000     0.0000000
     9.3500000     0.0000000
     9.4000000     0.0000000
     9.4500000     0.0000000
     9.5000000     0.0000000
     9.5500000     0.0000000
     9.6000000     0.0000000
     9.6500000     0.0000000
     9.7000000     0.0000000
     9.7500000     0.0000000
     9.8000000     0.0000000
     9.8500000     0.0000000
     9.9000000     0.0000000
     9.9500000     0.0000000
    10.0000000     0.0000000
    10.0500000     0.1538208
    10.1000000     0.6152832
    10.1500000     1.3843872
    10.2000000     2.4611328
    10.2500000     3.8455200
    10.3000000     5.5375488
    10.3500000     7.5372192
    10.4000000     9.8445312
    10.4500000    12.4594848
    10.5000000    15.3820800
    10.5500000    18.6123168
    10.6000000    22.1501952
    10.6500000    25.9957152
    10.7000000    30.1488768
    10.7500000    34.6096800
    10.8000000    39.3781248
    10.8500000    44.4542112
    10.9000000    49.8379392
    10.9500000    55.5293088
    11.0000000    61.5283200
    11.0500000    67.8349728
    11.1000000    74.4492672
    11.1500000    81.3712032
    11.2000000    88.6007808
    11.2500000    96.1380000
    11.3000000   103.9828608
    11.3500000   112.1353632
    11.4000000   120.5955072
    11.4500000   129.3632928
    11.5000000   138.4387200
    11.5500000   147.8217888
    11.6000000   157.5124992
    11.6500000   167.5108512
    11.7000000   177.8168448
    11.7500000   188.4304800
    11.8000000   199.3517568
    11.8500000   210.5806752
    11.9000000   222.1172352
    11.9500000   233.9614368
    12.0000000   246.1132800
    12.0500000   258.5727648
    12.1000000   271.3398912
    12.1500000   284.4146592
    12.2000000   297.7970688
    12.2500000   311.4871200
    12.3000000   325.4848128
    12.3500000   339.7901472
    12.4000000   354.4031232
    12.4500000   369.3237408
    12.5000000   384.5520000
    12.5500000   400.0879008
    12.6000000   415.9314432
    12.6500000   432.0826272
    12.7000000   448.5414528
    12.7500000   465.3079200
    12.8000000   482.3820288
    12.8500000   499.7637792
    12.9000000   517.4531712
    12.9500000   535.4502048
    13.0000000   553.7548800
    13.0500000   572.2011135
    13.1000000   590.6228220
    13.1500000   609.0200055
    13.2000000   627.3926640
    13.2500000   645.7407975
    13.3000000   664.0644060
    13.3500000   682.3634895
    13.4000000   700.6380480
    13.4500000   718.8880815
    13.5000000   737.1135900
    13.5500000   755.3145735
    13.6000000   773.4910320
    13.6500000   791.6429655
    13.7000000   809.7703740
    13.7500000   827.8732575
    13.8000000   845.9516160
    13.8500000   864.0054495
    13.9000000   882.0347580
    13.9500000   900.0395415
    14.0000000   918.0198000
    14.0500000   935.9755335
    14.1000000   953.9067420
    14.1500000   971.8134255
    14.2000000   989.6955840
    14.2500000  1007.5532175
    14.3000000  1025.3863260
    14.3500000  1043.1949095
    14.4000000  1060.9789680
    14.4500000  1078.7385015
    14.5000000  1096.4735100
    14.5500000  1114.1839935
    14.6000000  1131.8699520
    14.6500000  1149.5313855
    14.7000000  1167.1682940
    14.7500000  1184.7806775
    14.8000000  1202.3685360
    14.8500000  1219.9318695
    14.9000000  1237.4706780
    14.9500000  1254.9849615
    15.0000000  1272.4747200
    15.0500000  1289.9399535
    15.1000000  1307.3806620
    15.1500000  1324.7968455
    15.2000000  1342.1885040
    15.2500000  1359.5556375
    15.3000000  1376.8982460
    15.3500000  1394.2163295
    15.4000000  1411.5098880
    15.4500000  1428.7789215
    15.5000000  1446.0234300
    15.5500000  1463.2434135
    15.6000000  1480.4388720
    15.6500000  1497.6098055
    15.7000000  1514.7562140
    15.7500000  1531.8780975
    15.8000000  1548.9754560
    15.8500000  1566.0482895
    15.9000000  1583.0965980
    15.9500000  1600.1203815
    16.0000000  1617.1196400
    16.0500000  1634.0943735
    16.1000000  1651.0445820
    16.1500000  1667.9702655
    16.2000000  1684.8714240
    16.2500000  1701.7480575
    16.3000000  1718.6001660
    16.3500000  1735.4277495
    16.4000000  1752.2308080
    16.4500000  1769.0093415
    16.5000000  1785.7633500
    16.5500000  1802.4928335
    16.6000000  1819.1977920
    16.6500000  1835.8782255
    16.7000000  1852.5341340
    16.7500000  1869.1655175
    16.8000000  1885.7723760
    16.8500000  1902.3547095
    16.9000000  1918.9125180
    16.9500000  1935.4458015
    17.0000000  1951.9545600
    17.0500000  1968.4387935
    17.1000000  1984.8985020
    17.1500000  2001.3336855
    17.2000000  2017.7443440
    17.2500000  2034.1304775
    17.3000000  2050.4920860
    17.3500000  2066.8291695
    17.4000000  2083.1417280
    17.4500000  2099.4297615
    17.5000000  2115.6932700
    17.5500000  2131.9322535
    17.6000000  2148.1467120
    17.6500000  2164.3366455
    17.7000000  2180.5020540
    17.7500000  2196.6429375
    17.8000000  2212.7592960
    17.8500000  2228.8511295
    17.9000000  2244.9184380
    17.9500000  2260.9612215
    18.0000000  2276.9794800
    18.0500000  2292.9732135
    18.1000000  2308.9424220
    18.1500000  2324.8871055
    18.2000000  2340.8072640
    18.2500000  2356.7028975
    18.3000000  2372.5740060
    18.3500000  2388.4205895
    18.4000000  2404.2426480
    18.4500000  2420.0401815
    18.5000000  2435.8131900
    18.5500000  2451.5616735
    18.6000000  2467.2856320
    18.6500000  2482.9850655
    18.7000000  2498.6599740
    18.7500000  2514.3103575
    18.8000000  2529.9362160
    18.8500000  2545.5375495
    18.9000000  2561.1143580
    18.9500000  2576.6666415
    19.0000000  2592.1944000
    19.0500000  2607.6976335
    19.1000000  2623.1763420
    19.1500000  2638.6305255
    19.2000000  2654.0601840
    19.2500000  2669.4653175
    19.3000000  2684.8459260
    19.3500000  2700.2020095
    19.4000000  2715.5335680
    19.4500000  2730.8406015
    19.5000000  2746.1231100
    19.5500000  2761.3810935
    19.6000000  2776.6145520
    19.6500000  2791.8234855
    19.7000000  2807.0078940
    19.7500000  2822.1677775
    19.8000000  2837.3031360
    19.8500000  2852.4139695
    19.9000000  2867.5002780
    19.9500000  2882.5620615
    20.0000000  2897.5993200
    20.0500000  2912.6120535
    20.1000000  2927.6002620
    20.1500000  2942.5639455
    20.2000000  2957.5031040
    20.2500000  2972.4177375
    20.3000000  2987.3078460
    20.3500000  3002.1734295
    20.4000000  3017.0144880
    20.4500000  3031.8310215
    20.5000000  3046.6230300
    20.5500000  3061.3905135
    20.6000000  3076.1334720
    20.6500000  3090.8519055
    20.7000000  3105.5458140
    20.7500000  3120.2151975
    20.8000000  3134.8600560
    20.8500000  3149.4803895
    20.9000000  3164.0761980
    20.9500000  3178.6474815
    21.0000000  3193.1942400
    21.0500000  3207.7164735
    21.1000000  3222.2141820
    21.1500000  3236.6873655
    21.2000000  3251.1360240
    21.2500000  3265.5601575
    21.3000000  3279.9597660
    21.3500000  3294.3348495
    21.4000000  3308.6854080
    21.4500000  3323.0114415
    21.5000000  3337.3129500
    21.5500000  3351.5899335
    21.6000000  3365.8423920
    21.6500000  3380.0703255
    21.7000000  3394.2737340
    21.7500000  3408.4526175
    21.8000000  3422.6069760
    21.8500000  3436.7368095
    21.9000000  3450.8421180
    21.9500000  3464.9229015
    22.0000000  3478.9791600
    22.0500000  3493.0108935
    22.1000000  3507.0181020
    22.1500000  3521.0007855
    22.2000000  3534.9589440
    22.2500000  3548.8925775
    22.3000000  3562.8016860
    22.3500000  3576.6862695
    22.4000000  3590.5463280
    22.4500000  3604.3818615
    22.5000000  3618.1928700
    22.5500000  3631.9793535
    22.6000000  3645.7413120
    22.6500000  3659.4787455
    22.7000000  3673.1916540
    22.7500000  3686.8800375
    22.8000000  3700.5438960
    22.8500000  3714.1832295
    22.9000000  3727.7980380
    22.9500000  3741.3883215
    23.0000000  3754.9540800
    23.0500000  3768.4953135
    23.1000000  3782.0120220
    23.1500000  3795.5042055
    23.2000000  3808.9718640
    23.2500000  3822.4149975
    23.3000000  3835.8336060
    23.3500000  3849.2276895
    23.4000000  3862.5972480
    23.4500000  3875.9422815
    23.5000000  3889.2627900
    23.5500000  3902.5587735
    23.6000000  3915.8302320
    23.6500000  3929.0771655
    23.7000000  3942.2995740
    23.7500000  3955.4974575
    23.8000000  3968.6708160
    23.8500000  3981.8196495
    23.9000000  3994.9439580
    23.9500000  4008.0437415
    24.0000000  4021.1190000
    24.0500000  4034.1697335
    24.1000000  4047.1959420
    24.1500000  4060.1976255
    24.2000000  4073.1747840
    24.2500000  4086.1274175
    24.3000000  4099.0555260
    24.3500000  4111.9591095
    24.4000000  4124.8381680
    24.4500000  4137.6927015
    24.5000000  4150.5227100
    24.5500000  4163.3281935
    24.6000000  4176.1091520
    24.6500000  4188.8655855
    24.7000000  4201.5974940
    24.7500000  4214.3048775
    24.8000000  4226.9877360
    24.8500000  4239.6460695
    24.9000000  4252.2798780
    24.9500000  4264.8891615
    25.0000000  4277.4739200
    25.0500000  4290.0341535
    25.1000000  4302.5698620
    25.1500000  4315.0810455
    25.2000000  4327.5677040
    25.2500000  4340.0298375
    25.3000000  4352.4674460
    25.3500000  4364.8805295
    25.4000000  4377.2690880
    25.4500000  4389.6331215
    25.5000000  4401.9726300
    25.5500000  4414.2876135
    25.6000000  4426.5780720
    25.6500000  4438.8440055
    25.7000000  4451.0854140
    25.7500000  4463.3022975
    25.8000000  4475.4946560
    25.8500000  4487.6624895
    25.9000000  4499.8057980
    25.9500000  4511.9245815
    26.0000000  4524.0188400
    26.0500000  4536.0885735
    26.1000000  4548.1337820
    26.1500000  4560.1544655
    26.2000000  4572.1506240
    26.2500000  4584.1222575
    26.3000000  4596.0693660
    26.3500000  4607.9919495
    26.4000000  4619.8900080
    26.4500000  4631.7635415
    26.5000000  4643.6125500
    26.5500000  4655.4370335
    26.6000000  4667.2369920
    26.6500000  4679.0124255
    26.7000000  4690.7633340
    26.7500000  4702.4897175
    26.8000000  4714.1915760
    26.8500000  4725.8689095
    26.9000000  4737.5217180
    26.9500000  4749.1500015
    27.0000000  4760.7537600
    27.0500000  4772.3329935
    27.1000000  4783.8877020
    27.1500000  4795.4178855
    27.2000000  4806.9235440
    27.2500000  4818.4046775
    27.3000000  4829.8612860
    27.3500000  4841.2933695
    27.4000000  4852.7009280
    27.4500000  4864.0839615
    27.5000000  4875.4424700
    27.5500000  4886.7764535
    27.6000000  4898.0859120
    27.6500000  4909.3708455
    27.7000000  4920.6312540
    27.7500000  4931.8671375
    27.8000000  4943.0784960
    27.8500000  4954.2653295
    27.9000000  4965.4276380
    27.9500000  4976.5654215
    28.0000000  4987.6786800
    28.0500000  4998.7674135
    28.1000000  5009.8316220
    28.1500000  5020.8713055
    28.2000000  5031.8864640
    28.2500000  5042.8770975
    28.3000000  5053.8432060
    28.3500000  5064.7847895
    28.4000000  5075.7018480
    28.4500000  5086.5943815
    28.5000000  5097.4623900
    28.5500000  5108.3058735
    28.6000000  5119.1248320
    28.6500000  5129.9192655
    28.7000000  5140.6891740
    28.7500000  5151.4345575
    28.8000000  5162.1554160
    28.8500000  5172.8517495
    28.9000000  5183.5235580
    28.9500000  5194.1708415
    29.0000000  5204.7936000
    29.0500000  5215.3918335
    29.1000000  5225.9655420
    29.1500000  5236.5147255
    29.2000000  5247.0393840
    29.2500000  5257.5395175
    29.3000000  5268.0151260
    29.3500000  5278.4662095
    29.4000000  5288.8927680
    29.4500000  5299.2948015
    29.5000000  5309.6723100
    29.5500000  5320.0252935
    29.6000000  5330.3537520
    29.6500000  5340.6576855
    29.7000000  5350.9370940
    29.7500000  5361.1919775
    29.8000000  5371.4223360
    29.8500000  5381.6281695
    29.9000000  5391.8094780
    29.9500000  5401.9662615
    30.0000000  5412.0985200
    30.0500000  5422.2062535
    30.1000000  5432.2894620
    30.1500000  5442.3481455
    30.2000000  5452.3823040
    30.2500000  5462.3919375
    30.3000000  5472.3770460
    30.3500000  5482.3376295
    30.4000000  5492.2736880
    30.4500000  5502.1852215
    30.5000000  5512.0722300
    30.5500000  5521.9347135
    30.6000000  5531.7726720
    30.6500000  5541.5861055
    30.7000000  5551.3750140
    30.7500000  5561.1393975
    30.8000000  5570.8792560
    30.8500000  5580.5945895
    30.9000000  5590.2853980
    30.9500000  5599.9516815
    31.0000000  5609.5934400
    31.0500000  5619.2106735
    31.1000000  5628.8033820
    31.1500000  5638.3715655
    31.2000000  5647.9152240
    31.2500000  5657.4343575
    31.3000000  5666.9289660
    31.3500000  5676.3990495
    31.4000000  5685.8446080
    31.4500000  5695.2656415
    31.5000000  5704.6621500
    31.5500000  5714.0341335
    31.6000000  5723.3815920
    31.6500000  5732.7045255
    31.7000000  5742.0029340
    31.7500000  5751.2768175
    31.8000000  5760.5261760
    31.8500000  5769.7510095
    31.9000000  5778.9513180
    31.9500000  5788.1271015
    32.0000000  5797.2783600
    32.0500000  5806.4050935
    32.1000000  5815.5073020
    32.1500000  5824.5849855
    32.2000000  5833.6381440
    32.2500000  5842.6667775
    32.3000000  5851.6708860
    32.3500000  5860.6504695
    32.4000000  5869.6055280
    32.4500000  5878.5360615
    32.5000000  5887.4420700
    32.5500000  5896.3235535
    32.6000000  5905.1805120
    32.6500000  5914.0129455
    32.7000000  5922.8208540
    32.7500000  5931.6042375
    32.8000000  5940.3630960
    32.8500000  5949.0974295
    32.9000000  5957.8072380
    32.9500000  5966.4925215
    33.0000000  5975.1532800
    33.0500000  5983.7895135
    33.1000000  5992.4012220
    33.1500000  6000.9884055
    33.2000000  6009.5510640
    33.2500000  6018.0891975
    33.3000000  6026.6028060
    33.3500000  6035.0918895
    33.4000000  6043.5564480
    33.4500000  6051.9964815
    33.5000000  6060.4119900
    33.5500000  6068.8029735
    33.6000000  6077.1694320
    33.6500000  6085.5113655
    33.7000000  6093.8287740
    33.7500000  6102.1216575
    33.8000000  6110.3900160
    33.8500000  6118.6338495
    33.9000000  6126.8531580
    33.9500000  6135.0479415
    34.0000000  6143.2182000
    34.0500000  6151.3639335
    34.1000000  6159.4851420
    34.1500000  6167.5818255
    34.2000000  6175.6539840
    34.2500000  6183.7016175
    34.3000000  6191.7247260
    34.3500000  6199.7233095
    34.4000000  6207.6973680
    34.4500000  6215.6469015
    34.5000000  6223.5719100
    34.5500000  6231.4723935
    34.6000000  6239.3483520
    34.6500000  6247.1997855
    34.7000000  6255.0266940
    34.7500000  6262.8290775
    34.8000000  6270.6069360
    34.8500000  6278.3602695
    34.9000000  6286.0890780
    34.9500000  6293.7933615
    35.0000000  6301.4731200
    35.0500000  6309.1283535
    35.1000000  6316.7590620
    35.1500000  6324.3652455
    35.2000000  6331.9469040
    35.2500000  6339.5040375
    35.3000000  6347.0366460
    35.3500000  6354.5447295
    35.4000000  6362.0282880
    35.4500000  6369.4873215
    35.5000000  6376.9218300
    35.5500000  6384.3318135
    35.6000000  6391.7172720
    35.6500000  6399.0782055
    35.7000000  6406.4146140
    35.7500000  6413.7264975
    35.8000000  6421.0138560
    35.8500000  6428.2766895
    35.9000000  6435.5149980
    35.9500000  6442.7287815
    36.0000000  6449.9180400
    36.0500000  6457.0827735
    36.1000000  6464.2229820
    36.1500000  6471.3386655
    36.2000000  6478.4298240
    36.2500000  6485.4964575
    36.3000000  6492.5385660
    36.3500000  6499.5561495
    36.4000000  6506.5492080
    36.4500000  6513.5177415
    36.5000000  6520.4617500
    36.5500000  6527.3812335
    36.6000000  6534.2761920
    36.6500000  6541.1466255
    36.7000000  6547.9925340
    36.7500000  6554.8139175
    36.8000000  6561.6107760
    36.8500000  6568.3831095
    36.9000000  6575.1309180
    36.9500000  6581.8542015
    37.0000000  6588.5529600
    37.0500000  6595.2271935
    37.1000000  6601.8769020
    37.1500000  6608.5020855
    37.2000000  6615.1027440
    37.2500000  6621.6788775
    37.3000000  6628.2304860
    37.3500000  6634.7575695
    37.4000000  6641.2601280
    37.4500000  6647.7381615
    37.5000000  6654.1916700
    37.5500000  6660.6206535
    37.6000000  6667.0251120
    37.6500000  6673.4050455
    37.7000000  6679.7604540
    37.7500000  6686.0913375
    37.8000000  6692.3976960
    37.8500000  6698.6795295
    37.9000000  6704.9368380
    37.9500000  6711.1696215
    38.0000000  6717.3778800
    38.0500000  6723.5616135
    38.1000000  6729.7208220
    38.1500000  6735.8555055
    38.2000000  6741.9656640
    38.2500000  6748.0512975
    38.3000000  6754.1124060
    38.3500000  6760.1489895
    38.4000000  6766.1610480
    38.4500000  6772.1485815
    38.5000000  6778.1115900
    38.5500000  6784.0500735
    38.6000000  6789.9640320
    38.6500000  6795.8534655
    38.7000000  6801.7183740
    38.7500000  6807.5587575
    38.8000000  6813.3746160
    38.8500000  6819.1659495
    38.9000000  6824.9327580
    38.9500000  6830.6750415
    39.0000000  6836.3928000
    39.0500000  6842.0860335
    39.1000000  6847.7547420
    39.1500000  6853.3989255
    39.2000000  6859.0185840
    39.2500000  6864.6137175
    39.3000000  6870.1843260
    39.3500000  6875.7304095
    39.4000000  6881.2519680
    39.4500000  6886.7490015
    39.5000000  6892.2215100
    39.5500000  6897.6694935
    39.6000000  6903.0929520
    39.6500000  6908.4918855
    39.7000000  6913.8662940
    39.7500000  6919.2161775
    39.8000000  6924.5415360
    39.8500000  6929.8423695
    39.9000000  6935.1186780
    39.9500000  6940.3704615
    40.0000000  6945.5977200
    40.0500000  6950.8004535
    40.1000000  6955.9786620
    40.1500000  6961.1323455
    40.2000000  6966.2615040
    40.2500000  6971.3661375
    40.3000000  6976.4462460
    40.3500000  6981.5018295
    40.4000000  6986.5328880
    40.4500000  6991.5394215
    40.5000000  6996.5214300
    40.5500000  7001.4789135
    40.6000000  7006.4118720
    40.6500000  7011.3203055
    40.7000000  7016.2042140
    40.7500000  7021.0635975
    40.8000000  7025.8984560
    40.8500000  7030.7087895
    40.9000000  7035.4945980
    40.9500000  7040.2558815
    41.0000000  7044.9926400
    41.0500000  7049.7048735
    41.1000000  7054.3925820
    41.1500000  7059.0557655
    41.2000000  7063.6944240
    41.2500000  7068.3085575
    41.3000000  7072.8981660
    41.3500000  7077.4632495
    41.4000000  7082.0038080
    41.4500000  7086.5198415
    41.5000000  7091.0113500
    41.5500000  7095.4783335
    41.6000000  7099.9207920
    41.6500000  7104.3387255
    41.7000000  7108.7321340
    41.7500000  7113.1010175
    41.8000000  7117.4453760
    41.8500000  7121.7652095
    41.9000000  7126.0605180
    41.9500000  7130.3313015
    42.0000000  7134.5775600
    42.0500000  7138.7992935
    42.1000000  7142.9965020
    42.1500000  7147.1691855
    42.2000000  7151.3173440
    42.2500000  7155.4409775
    42.3000000  7159.5400860
    42.3500000  7163.6146695
    42.4000000  7167.6647280
    42.4500000  7171.6902615
    42.5000000  7175.6912700
    42.5500000  7179.6677535
    42.6000000  7183.6197120
    42.6500000  7187.5471455
    42.7000000  7191.4500540
    42.7500000  7195.3284375
    42.8000000  7199.1822960
    42.8500000  7203.0116295
    42.9000000  7206.8164380
    42.9500000  7210.5967215
    43.0000000  7214.3524800
    43.0500000  7218.0837135
    43.1000000  7221.7904220
    43.1500000  7225.4726055
    43.2000000  7229.1302640
    43.2500000  7232.7633975
    43.3000000  7236.3720060
    43.3500000  7239.9560895
    43.4000000  7243.5156480
    43.4500000  7247.0506815
    43.5000000  7250.5611900
    43.5500000  7254.0471735
    43.6000000  7257.5086320
    43.6500000  7260.9455655
    43.7000000  7264.3579740
    43.7500000  7267.7458575
    43.8000000  7271.1092160
    43.8500000  7274.4480495
    43.9000000  7277.7623580
    43.9500000  7281.0521415
    44.0000000  7284.3174000
    44.0500000  7287.5581335
    44.1000000  7290.7743420
    44.1500000  7293.9660255
    44.2000000  7297.1331840
    44.2500000  7300.2758175
    44.3000000  7303.3939260
    44.3500000  7306.4875095
    44.4000000  7309.5565680
    44.4500000  7312.6011015
    44.5000000  7315.6211100
    44.5500000  7318.6165935
    44.6000000  7321.5875520
    44.6500000  7324.5339855
    44.7000000  7327.4558940
    44.7500000  7330.3532775
    44.8000000  7333.2261360
    44.8500000  7336.0744695
    44.9000000  7338.8982780
    44.9500000  7341.6975615
    45.0000000  7344.4723200
    45.0500000  7347.2225535
    45.1000000  7349.9482620
    45.1500000  7352.6494455
    45.2000000  7355.3261040
    45.2500000  7357.9782375
    45.3000000  7360.6058460
    45.3500000  7363.2089295
    45.4000000  7365.7874880
    45.4500000  7368.3415215
    45.5000000  7370.8710300
    45.5500000  7373.3760135
    45.6000000  7375.8564720
    45.6500000  7378.3124055
    45.7000000  7380.7438140
    45.7500000  7383.1506975
    45.8000000  7385.5330560
    45.8500000  7387.8908895
    45.9000000  7390.2241980
    45.9500000  7392.5329815
    46.0000000  7394.8172400
    46.0500000  7397.0769735
    46.1000000  7399.3121820
    46.1500000  7401.5228655
    46.2000000  7403.7090240
    46.2500000  7405.8706575
    46.3000000  7408.0077660
    46.3500000  7410.1203495
    46.4000000  7412.2084080
    46.4500000  7414.2719415
    46.5000000  7416.3109500
    46.5500000  7418.3254335
    46.6000000  7420.3153920
    46.6500000  7422.2808255
    46.7000000  7424.2217340
    46.7500000  7426.1381175
    46.8000000  7428.0299760
    46.8500000  7429.8973095
    46.9000000  7431.7401180
    46.9500000  7433.5584015
    47.0000000  7435.3521600
    47.0500000  7437.1213935
    47.1000000  7438.8661020
    47.1500000  7440.5862855
    47.2000000  7442.2819440
    47.2500000  7443.9530775
    47.3000000  7445.5996860
    47.3500000  7447.2217695
    47.4000000  7448.8193280
    47.4500000  7450.3923615
    47.5000000  7451.9408700
    47.5500000  7453.4648535
    47.6000000  7454.9643120
    47.6500000  7456.4392455
    47.7000000  7457.8896540
    47.7500000  7459.3155375
    47.8000000  7460.7168960
    47.8500000  7462.0937295
    47.9000000  7463.4460380
    47.9500000  7464.7738215
    48.0000000  7466.0770800
    48.0500000  7467.3558135
    48.1000000  7468.6100220
    48.1500000  7469.8397055
    48.2000000  7471.0448640
    48.2500000  7472.2254975
    48.3000000  7473.3816060
    48.3500000  7474.5131895
    48.4000000  7475.6202480
    48.4500000  7476.7027815
    48.5000000  7477.7607900
    48.5500000  7478.7942735
    48.6000000  7479.8032320
    48.6500000  7480.7876655
    48.7000000  7481.7475740
    48.7500000  7482.6829575
    48.8000000  7483.5938160
    48.8500000  7484.4801495
    48.9000000  7485.3419580
    48.9500000  7486.1792415
    49.0000000  7486.9920000
    49.0500000  7487.7802335
    49.1000000  7488.5439420
    49.1500000  7489.2831255
    49.2000000  7489.9977840
    49.2500000  7490.6879175
    49.3000000  7491.3535260
    49.3500000  7491.9946095
    49.4000000  7492.6111680
    49.4500000  7493.2032015
    49.5000000  7493.7707100
    49.5500000  7494.3136935
    49.6000000  7494.8321520
    49.6500000  7495.3260855
    49.7000000  7495.7954940
    49.7500000  7496.2403775
    49.8000000  7496.6607360
    49.8500000  7497.0565695
    49.9000000  7497.4278780
    49.9500000  7497.7746615
    50.0000000  7498.0969200
    50.0500000  7498.3946535
    50.1000000  7498.6678620
    50.1500000  7498.9165455
    50.2000000  7499.1407040
    50.2500000  7499.3403375
    50.3000000  7499.5154460
    50.3500000  7499.6660295
    50.4000000  7499.7920880
    50.4500000  7499.8936215
    50.5000000  7499.9706300
    50.5500000  7500.0231135
    50.6000000  7500.0510720
    50.6500000  7500.0545055
    50.7000000  7500.0334140
    50.7500000  7499.9877975
    50.8000000  7499.9176560
    50.8500000  7499.8229895
    50.9000000  7499.7037980
    50.9500000  7499.5600815
    51.0000000  7499.3918400
    51.0500000  7499.1990735
    51.1000000  7498.9817820
    51.1500000  7498.7399655
    51.2000000  7498.4736240
    51.2500000  7498.1827575
    51.3000000  7497.8673660
    51.3500000  7497.5274495
    51.4000000  7497.1630080
    51.4500000  7496.7740415
    51.5000000  7496.3605500
    51.5500000  7495.9225335
    51.6000000  7495.4599920
    51.6500000  7494.9729255
    51.7000000  7494.4613340
    51.7500000  7493.9252175
    51.8000000  7493.3645760
    51.8500000  7492.7794095
    51.9000000  7492.1697180
    51.9500000  7491.5355015
    52.0000000  7490.8767600
    52.0500000  7490.1934935
    52.1000000  7489.4857020
    52.1500000  7488.7533855
    52.2000000  7487.9965440
    52.2500000  7487.2151775
    52.3000000  7486.4092860
    52.3500000  7485.5788695
    52.4000000  7484.7239280
    52.4500000  7483.8444615
    52.5000000  7482.9404700
    52.5500000  7482.0119535
    52.6000000  7481.0589120
    52.6500000  7480.0813455
    52.7000000  7479.0792540
    52.7500000  7478.0526375
    52.8000000  7477.0014960
    52.8500000  7475.9258295
    52.9000000  7474.8256380
    52.9500000  7473.7009215
    53.0000000  7472.5516800
    53.0500000  7471.3779135
    53.1000000  7470.1796220
    53.1500000  7468.9568055
    53.2000000  7467.7094640
    53.2500000  7466.4375975
    53.3000000  7465.1412060
    53.3500000  7463.8202895
    53.4000000  7462.4748480
    53.4500000  7461.1048815
    53.5000000  7459.7103900
    53.5500000  7458.2913735
    53.6000000  7456.8478320
    53.6500000  7455.3797655
    53.7000000  7453.8871740
    53.7500000  7452.3700575
    53.8000000  7450.8284160
    53.8500000  7449.2622495
    53.9000000  7447.6715580
    53.9500000  7446.0563415
    54.0000000  7444.4166000
    54.0500000  7442.7523335
    54.1000000  7441.0635420
    54.1500000  7439.3502255
    54.2000000  7437.6123840
    54.2500000  7435.8500175
    54.3000000  7434.0631260
    54.3500000  7432.2517095
    54.4000000  7430.4157680
    54.4500000  7428.5553015
    54.5000000  7426.6703100
    54.5500000  7424.7607935
    54.6000000  7422.8267520
    54.6500000  7420.8681855
    54.7000000  7418.8850940
    54.7500000  7416.8774775
    54.8000000  7414.8453360
    54.8500000  7412.7886695
    54.9000000  7410.7074780
    54.9500000  7408.6017615
    55.0000000  7406.4715200
    55.0500000  7404.3167535
    55.1000000  7402.1374620
    55.1500000  7399.9336455
    55.2000000  7397.7053040
    55.2500000  7395.4524375
    55.3000000  7393.1750460
    55.3500000  7390.8731295
    55.4000000  7388.5466880
    55.4500000  7386.1957215
    55.5000000  7383.8202300
    55.5500000  7381.4202135
    55.6000000  7378.9956720
    55.6500000  7376.5466055
    55.7000000  7374.0730140
    55.7500000  7371.5748975
    55.8000000  7369.0522560
    55.8500000  7366.5050895
    55.9000000  7363.9333980
    55.9500000  7361.3371815
    56.0000000  7358.7164400
    56.0500000  7356.0711735
    56.1000000  7353.4013820
    56.1500000  7350.7070655
    56.2000000  7347.9882240
    56.2500000  7345.2448575
    56.3000000  7342.4769660
    56.3500000  7339.6845495
    56.4000000  7336.8676080
    56.4500000  7334.0261415
    56.5000000  7331.1601500
    56.5500000  7328.2696335
    56.6000000  7325.3545920
    56.6500000  7322.4150255
    56.7000000  7319.4509340
    56.7500000  7316.4623175
    56.8000000  7313.4491760
    56.8500000  7310.4115095
    56.9000000  7307.3493180
    56.9500000  7304.2626015
    57.0000000  7301.1513600
    57.0500000  7298.0155935
    57.1000000  7294.8553020
    57.1500000  7291.6704855
    57.2000000  7288.4611440
    57.2500000  7285.2272775
    57.3000000  7281.9688860
    57.3500000  7278.6859695
    57.4000000  7275.3785280
    57.4500000  7272.0465615
    57.5000000  7268.6900700
    57.5500000  7265.3090535
    57.6000000  7261.9035120
    57.6500000  7258.4734455
    57.7000000  7255.0188540
    57.7500000  7251.5397375
    57.8000000  7248.0360960
    57.8500000  7244.5079295
    57.9000000  7240.9552380
    57.9500000  7237.3780215
    58.0000000  7233.7762800
    58.0500000  7230.1500135
    58.1000000  7226.4992220
    58.1500000  7222.8239055
    58.2000000  7219.1240640
    58.2500000  7215.3996975
    58.3000000  7211.6508060
    58.3500000  7207.8773895
    58.4000000  7204.0794480
    58.4500000  7200.2569815
    58.5000000  7196.4099900
    58.5500000  7192.5384735
    58.6000000  7188.6424320
    58.6500000  7184.7218655
    58.7000000  7180.7767740
    58.7500000  7176.8071575
    58.8000000  7172.8130160
    58.8500000  7168.7943495
    58.9000000  7164.7511580
    58.9500000  7160.6834415
    59.0000000  7156.5912000
    59.0500000  7152.4744335
    59.1000000  7148.3331420
    59.1500000  7144.1673255
    59.2000000  7139.9769840
    59.2500000  7135.7621175
    59.3000000  7131.5227260
    59.3500000  7127.2588095
    59.4000000  7122.9703680
    59.4500000  7118.6574015
    59.5000000  7114.3199100
    59.5500000  7109.9578935
    59.6000000  7105.5713520
    59.6500000  7101.1602855
    59.7000000  7096.7246940
    59.7500000  7092.2645775
    59.8000000  7087.7799360
    59.8500000  7083.2707695
    59.9000000  7078.7370780
    59.9500000  7074.1788615
    60.0000000  7069.5961200
    60.0500000  7064.9888535
    60.1000000  7060.3570620
    60.1500000  7055.7007455
    60.2000000  7051.0199040
    60.2500000  7046.3145375
    60.3000000  7041.5846460
    60.3500000  7036.8302295
    60.4000000  7032.0512880
    60.4500000  7027.2478215
    60.5000000  7022.4198300
    60.5500000  7017.5673135
    60.6000000  7012.6902720
    60.6500000  7007.7887055
    60.7000000  7002.8626140
    60.7500000  6997.9119975
    60.8000000  6992.9368560
    60.8500000  6987.9371895
    60.9000000  6982.9129980
    60.9500000  6977.8642815
    61.0000000  6972.7910400
    61.0500000  6967.6932735
    61.1000000  6962.5709820
    61.1500000  6957.4241655
    61.2000000  6952.2528240
    61.2500000  6947.0569575
    61.3000000  6941.8365660
    61.3500000  6936.5916495
    61.4000000  6931.3222080
    61.4500000  6926.0282415
    61.5000000  6920.7097500
    61.5500000  6915.3667335
    61.6000000  6909.9991920
    61.6500000  6904.6071255
    61.7000000  6899.1905340
    61.7500000  6893.7494175
    61.8000000  6888.2837760
    61.8500000  6882.7936095
    61.9000000  6877.2789180
    61.9500000  6871.7397015
    62.0000000  6866.1759600
    62.0500000  6860.5876935
    62.1000000  6854.9749020
    62.1500000  6849.3375855
    62.2000000  6843.6757440
    62.2500000  6837.9893775
    62.3000000  6832.2784860
    62.3500000  6826.5430695
    62.4000000  6820.7831280
    62.4500000  6814.9986615
    62.5000000  6809.1896700
    62.5500000  6803.3561535
    62.6000000  6797.4981120
    62.6500000  6791.6155455
    62.7000000  6785.7084540
    62.7500000  6779.7768375
    62.8000000  6773.8206960
    62.8500000  6767.8400295
    62.9000000  6761.8348380
    62.9500000  6755.8051215
    63.0000000  6749.7508800
    63.0500000  6743.6721135
    63.1000000  6737.5688220
    63.1500000  6731.4410055
    63.2000000  6725.2886640
    63.2500000  6719.1117975
    63.3000000  6712.9104060
    63.3500000  6706.6844895
    63.4000000  6700.4340480
    63.4500000  6694.1590815
    63.5000000  6687.8595900
    63.5500000  6681.5355735
    63.6000000  6675.1870320
    63.6500000  6668.8139655
    63.7000000  6662.4163740
    63.7500000  6655.9942575
    63.8000000  6649.5476160
    63.8500000  6643.0764495
    63.9000000  6636.5807580
    63.9500000  6630.0605415
    64.0000000  6623.5158000
    64.0500000  6616.9465335
    64.1000000  6610.3527420
    64.1500000  6603.7344255
    64.2000000  6597.0915840
    64.2500000  6590.4242175
    64.3000000  6583.7323260
    64.3500000  6577.0159095
    64.4000000  6570.2749680
    64.4500000  6563.5095015
    64.5000000  6556.7195100
    64.5500000  6549.9049935
    64.6000000  6543.0659520
    64.6500000  6536.2023855
    64.7000000  6529.3142940
    64.7500000  6522.4016775
    64.8000000  6515.4645360
    64.8500000  6508.5028695
    64.9000000  6501.5166780
    64.9500000  6494.5059615
    65.0000000  6487.4707200
    65.0500000  6480.4109535
    65.1000000  6473.3266620
    65.1500000  6466.2178455
    65.2000000  6459.0845040
    65.2500000  6451.9266375
    65.3000000  6444.7442460
    65.3500000  6437.5373295
    65.4000000  6430.3058880
    65.4500000  6423.0499215
    65.5000000  6415.7694300
    65.5500000  6408.4644135
    65.6000000  6401.1348720
    65.6500000  6393.7808055
    65.7000000  6386.4022140
    65.7500000  6378.9990975
    65.8000000  6371.5714560
    65.8500000  6364.1192895
    65.9000000  6356.6425980
    65.9500000  6349.1413815
    66.0000000  6341.6156400
    66.0500000  6334.0653735
    66.1000000  6326.4905820
    66.1500000  6318.8912655
    66.2000000  6311.2674240
    66.2500000  6303.6190575
    66.3000000  6295.9461660
    66.3500000  6288.2487495
    66.4000000  6280.5268080
    66.4500000  6272.7803415
    66.5000000  6265.0093500
    66.5500000  6257.2138335
    66.6000000  6249.3937920
    66.6500000  6241.5492255
    66.7000000  6233.6801340
    66.7500000  6225.7865175
    66.8000000  6217.8683760
    66.8500000  6209.9257095
    66.9000000  6201.9585180
    66.9500000  6193.9668015
    67.0000000  6185.9505600
    67.0500000  6177.9097935
    67.1000000  6169.8445020
    67.1500000  6161.7546855
    67.2000000  6153.6403440
    67.2500000  6145.5014775
    67.3000000  6137.3380860
    67.3500000  6129.1501695
    67.4000000  6120.9377280
    67.4500000  6112.7007615
    67.5000000  6104.4392700
    67.5500000  6096.1532535
    67.6000000  6087.8427120
    67.6500000  6079.5076455
    67.7000000  6071.1480540
    67.7500000  6062.7639375
    67.8000000  6054.3552960
    67.8500000  6045.9221295
    67.9000000  6037.4644380
    67.9500000  6028.9822215
    68.0000000  6020.4754800
    68.0500000  6011.9442135
    68.1000000  6003.3884220
    68.1500000  5994.8081055
    68.2000000  5986.2032640
    68.2500000  5977.5738975
    68.3000000  5968.9200060
    68.3500000  5960.2415895
    68.4000000  5951.5386480
    68.4500000  5942.8111815
    68.5000000  5934.0591900
    68.5500000  5925.2826735
    68.6000000  5916.4816320
    68.6500000  5907.6560655
    68.7000000  5898.8059740
    68.7500000  5889.9313575
    68.8000000  5881.0322160
    68.8500000  5872.1085495
    68.9000000  5863.1603580
    68.9500000  5854.1876415
    69.0000000  5845.1904000
    69.0500000  5836.1686335
    69.1000000  5827.1223420
    69.1500000  5818.0515255
    69.2000000  5808.9561840
    69.2500000  5799.8363175
    69.3000000  5790.6919260
    69.3500000  5781.5230095
    69.4000000  5772.3295680
    69.4500000  5763.1116015
    69.5000000  5753.8691100
    69.5500000  5744.6020935
    69.6000000  5735.3105520
    69.6500000  5725.9944855
    69.7000000  5716.6538940
    69.7500000  5707.2887775
    69.8000000  5697.8991360
    69.8500000  5688.4849695
    69.9000000  5679.0462780
    69.9500000  5669.5830615
    70.0000000  5660.0953200
    70.0500000  5650.5830535
    70.1000000  5641.0462620
    70.1500000  5631.4849455
    70.2000000  5621.8991040
    70.2500000  5612.2887375
    70.3000000  5602.6538460
    70.3500000  5592.9944295
    70.4000000  5583.3104880
    70.4500000  5573.6020215
    70.5000000  5563.8690300
    70.5500000  5554.1115135
    70.6000000  5544.3294720
    70.6500000  5534.5229055
    70.7000000  5524.6918140
    70.7500000  5514.8361975
    70.8000000  5504.9560560
    70.8500000  5495.0513895
    70.9000000  5485.1221980
    70.9500000  5475.1684815
    71.0000000  5465.1902400
    71.0500000  5455.1874735
    71.1000000  5445.1601820
    71.1500000  5435.1083655
    71.2000000  5425.0320240
    71.2500000  5414.9311575
    71.3000000  5404.8057660
    71.3500000  5394.6558495
    71.4000000  5384.4814080
    71.4500000  5374.2824415
    71.5000000  5364.0589500
    71.5500000  5353.8109335
    71.6000000  5343.5383920
    71.6500000  5333.2413255
    71.7000000  5322.9197340
    71.7500000  5312.5736175
    71.8000000  5302.2029760
    71.8500000  5291.8078095
    71.9000000  5281.3881180
    71.9500000  5270.9439015
    72.0000000  5260.4751600
    72.0500000  5249.9818935
    72.1000000  5239.4641020
    72.1500000  5228.9217855
    72.2000000  5218.3549440
    72.2500000  5207.7635775
    72.3000000  5197.1476860
    72.3500000  5186.5072695
    72.4000000  5175.8423280
    72.4500000  5165.1528615
    72.5000000  5154.4388700
    72.5500000  5143.7003535
    72.6000000  5132.9373120
    72.6500000  5122.1497455
    72.7000000  5111.3376540
    72.7500000  5100.5010375
    72.8000000  5089.6398960
    72.8500000  5078.7542295
    72.9000000  5067.8440380
    72.9500000  5056.9093215
    73.0000000  5045.9500800
    73.0500000  5034.9663135
    73.1000000  5023.9580220
    73.1500000  5012.9252055
    73.2000000  5001.8678640
    73.2500000  4990.7859975
    73.3000000  4979.6796060
    73.3500000  4968.5486895
    73.4000000  4957.3932480
    73.4500000  4946.2132815
    73.5000000  4935.0087900
    73.5500000  4923.7797735
    73.6000000  4912.5262320
    73.6500000  4901.2481655
    73.7000000  4889.9455740
    73.7500000  4878.6184575
    73.8000000  4867.2668160
    73.8500000  4855.8906495
    73.9000000  4844.4899580
    73.9500000  4833.0647415
    74.0000000  4821.6150000
    74.0500000  4810.1407335
    74.1000000  4798.6419420
    74.1500000  4787.1186255
    74.2000000  4775.5707840
    74.2500000  4763.9984175
    74.3000000  4752.4015260
    74.3500000  4740.7801095
    74.4000000  4729.1341680
    74.4500000  4717.4637015
    74.5000000  4705.7687100
    74.5500000  4694.0491935
    74.6000000  4682.3051520
    74.6500000  4670.5365855
    74.7000000  4658.7434940
    74.7500000  4646.9258775
    74.8000000  4635.0837360
    74.8500000  4623.2170695
    74.9000000  4611.3258780
    74.9500000  4599.4101615
    75.0000000  4587.4699200
    75.0500000  4575.5051535
    75.1000000  4563.5158620
    75.1500000  4551.5020455
    75.2000000  4539.4637040
    75.2500000  4527.4008375
    75.3000000  4515.3134460
    75.3500000  4503.2015295
    75.4000000  4491.0650880
    75.4500000  4478.9041215
    75.5000000  4466.7186300
    75.5500000  4454.5086135
    75.6000000  4442.2740720
    75.6500000  4430.0150055
    75.7000000  4417.7314140
    75.7500000  4405.4232975
    75.8000000  4393.0906560
    75.8500000  4380.7334895
    75.9000000  4368.3517980
    75.9500000  4355.9455815
    76.0000000  4343.5148400
    76.0500000  4331.0595735
    76.1000000  4318.5797820
    76.1500000  4306.0754655
    76.2000000  4293.5466240
    76.2500000  4280.9932575
    76.3000000  4268.4153660
    76.3500000  4255.8129495
    76.4000000  4243.1860080
    76.4500000  4230.5345415
    76.5000000  4217.8585500
    76.5500000  4205.1580335
    76.6000000  4192.4329920
    76.6500000  4179.6834255
    76.7000000  4166.9093340
    76.7500000  4154.1107175
    76.8000000  4141.2875760
    76.8500000  4128.4399095
    76.9000000  4115.5677180
    76.9500000  4102.6710015
    77.0000000  4089.7497600
    77.0500000  4076.8039935
    77.1000000  4063.8337020
    77.1500000  4050.8388855
    77.2000000  4037.8195440
    77.2500000  4024.7756775
    77.3000000  4011.7072860
    77.3500000  3998.6143695
    77.4000000  3985.4969280
    77.4500000  3972.3549615
    77.5000000  3959.1884700
    77.5500000  3945.9974535
    77.6000000  3932.7819120
    77.6500000  3919.5418455
    77.7000000  3906.2772540
    77.7500000  3892.9881375
    77.8000000  3879.6744960
    77.8500000  3866.3363295
    77.9000000  3852.9736380
    77.9500000  3839.5864215
    78.0000000  3826.1746800
    78.0500000  3812.7384135
    78.1000000  3799.2776220
    78.1500000  3785.7923055
    78.2000000  3772.2824640
    78.2500000  3758.7480975
    78.3000000  3745.1892060
    78.3500000  3731.6057895
    78.4000000  3717.9978480
    78.4500000  3704.3653815
    78.5000000  3690.7083900
    78.5500000  3677.0268735
    78.6000000  3663.3208320
    78.6500000  3649.5902655
    78.7000000  3635.8351740
    78.7500000  3622.0555575
    78.8000000  3608.2514160
    78.8500000  3594.4227495
    78.9000000  3580.5695580
    78.9500000  3566.6918415
    79.0000000  3552.7896000
    79.0500000  3538.8628335
    79.1000000  3524.9115420
    79.1500000  3510.9357255
    79.2000000  3496.9353840
    79.2500000  3482.9105175
    79.3000000  3468.8611260
    79.3500000  3454.7872095
    79.4000000  3440.6887680
    79.4500000  3426.5658015
    79.5000000  3412.4183100
    79.5500000  3398.2462935
    79.6000000  3384.0497520
    79.6500000  3369.8286855
    79.7000000  3355.5830940
    79.7500000  3341.3129775
    79.8000000  3327.0183360
    79.8500000  3312.6991695
    79.9000000  3298.3554780
    79.9500000  3283.9872615
    80.0000000  3269.5945200
    80.0500000  3255.1772535
    80.1000000  3240.7354620
    80.1500000  3226.2691455
    80.2000000  3211.7783040
    80.2500000  3197.2629375
    80.3000000  3182.7230460
    80.3500000  3168.1586295
    80.4000000  3153.5696880
    80.4500000  3138.9562215
    80.5000000  3124.3182300
    80.5500000  3109.6557135
    80.6000000  3094.9686720
    80.6500000  3080.2571055
    80.7000000  3065.5210140
    80.7500000  3050.7603975
    80.8000000  3035.9752560
    80.8500000  3021.1655895
    80.9000000  3006.3313980
    80.9500000  2991.4726815
    81.0000000  2976.5894400
    81.0500000  2961.6816735
    81.1000000  2946.7493820
    81.1500000  2931.7925655
    81.2000000  2916.8112240
    81.2500000  2901.8053575
    81.3000000  2886.7749660
    81.3500000  2871.7200495
    81.4000000  2856.6406080
    81.4500000  2841.5366415
    81.5000000  2826.4081500
    81.5500000  2811.2551335
    81.6000000  2796.0775920
    81.6500000  2780.8755255
    81.7000000  2765.6489340
    81.7500000  2750.3978175
    81.8000000  2735.1221760
    81.8500000  2719.8220095
    81.9000000  2704.4973180
    81.9500000  2689.1481015
    82.0000000  2673.7743600
    82.0500000  2658.3760935
    82.1000000  2642.9533020
    82.1500000  2627.5059855
    82.2000000  2612.0341440
    82.2500000  2596.5377775
    82.3000000  2581.0168860
    82.3500000  2565.4714695
    82.4000000  2549.9015280
    82.4500000  2534.3070615
    82.5000000  2518.6880700
    82.5500000  2503.0445535
    82.6000000  2487.3765120
    82.6500000  2471.6839455
    82.7000000  2455.9668540
    82.7500000  2440.2252375
    82.8000000  2424.4590960
    82.8500000  2408.6684295
    82.9000000  2392.8532380
    82.9500000  2377.0135215
    83.0000000  2361.1492800
    83.0500000  2345.2605135
    83.1000000  2329.3472220
    83.1500000  2313.4094055
    83.2000000  2297.4470640
    83.2500000  2281.4601975
    83.3000000  2265.4488060
    83.3500000  2249.4128895
    83.4000000  2233.3524480
    83.4500000  2217.2674815
    83.5000000  2201.1579900
    83.5500000  2185.0239735
    83.6000000  2168.8654320
    83.6500000  2152.6823655
    83.7000000  2136.4747740
    83.7500000  2120.2426575
    83.8000000  2103.9860160
    83.8500000  2087.7048495
    83.9000000  2071.3991580
    83.9500000  2055.0689415
    84.0000000  2038.7142000
    84.0500000  2022.3349335
    84.1000000  2005.9311420
    84.1500000  1989.5028255
    84.2000000  1973.0499840
    84.2500000  1956.5726175
    84.3000000  1940.0707260
    84.3500000  1923.5443095
    84.4000000  1906.9933680
    84.4500000  1890.4179015
    84.5000000  1873.8179100
    84.5500000  1857.1933935
    84.6000000  1840.5443520
    84.6500000  1823.8707855
    84.7000000  1807.1726940
    84.7500000  1790.4500775
    84.8000000  1773.7029360
    84.8500000  1756.9312695
    84.9000000  1740.1350780
    84.9500000  1723.3143615
    85.0000000  1706.4691200
    85.0500000  1689.5993535
    85.1000000  1672.7050620
    85.1500000  1655.7862455
    85.2000000  1638.8429040
    85.2500000  1621.8750375
    85.3000000  1604.8826460
    85.3500000  1587.8657295
    85.4000000  1570.8242880
    85.4500000  1553.7583215
    85.5000000  1536.6678300
    85.5500000  1519.5528135
    85.6000000  1502.4132720
    85.6500000  1485.2492055
    85.7000000  1468.0606140
    85.7500000  1450.8474975
    85.8000000  1433.6098560
    85.8500000  1416.3476895
    85.9000000  1399.0609980
    85.9500000  1381.7497815
    86.0000000  1364.4140400
    86.0500000  1347.0537735
    86.1000000  1329.6689820
    86.1500000  1312.2596655
    86.2000000  1294.8258240
    86.2500000  1277.3674575
    86.3000000  1259.8845660
    86.3500000  1242.3771495
    86.4000000  1224.8452080
    86.4500000  1207.2887415
    86.5000000  1189.7077500
    86.5500000  1172.1022335
    86.6000000  1154.4721920
    86.6500000  1136.8176255
    86.7000000  1119.1385340
    86.7500000  1101.4349175
    86.8000000  1083.7067760
    86.8500000  1065.9541095
    86.9000000  1048.1769180
    86.9500000  1030.3752015
    87.0000000  1012.5489600
    87.0500000   994.6981935
    87.1000000   976.8229020
    87.1500000   958.9230855
    87.2000000   940.9987440
    87.2500000   923.0498775
    87.3000000   905.0764860
    87.3500000   887.0785695
    87.4000000   869.0561280
    87.4500000   851.0091615
    87.5000000   832.9376700
    87.5500000   814.8416535
    87.6000000   796.7211120
    87.6500000   778.5760455
    87.7000000   760.4064540
    87.7500000   742.2123375
    87.8000000   723.9936960
    87.8500000   705.7505295
    87.9000000   687.4828380
    87.9500000   669.1906215
    88.0000000   650.8738800
    88.0500000   632.5326135
    88.1000000   614.1668220
    88.1500000   595.7765055
    88.2000000   577.3616640
    88.2500000   558.9222975
    88.3000000   540.4584060
    88.3500000   521.9699895
    88.4000000   503.4570480
    88.4500000   484.9195815
    88.5000000   466.3575900
    88.5500000   447.7710735
    88.6000000   429.1600320
    88.6500000   410.5244655
    88.7000000   391.8643740
    88.7500000   373.1797575
    88.8000000   354.4706160
    88.8500000   335.7369495
    88.9000000   316.9787580
    88.9500000   298.1960415
    89.0000000   279.3888000
    89.0500000   260.5570335
    89.1000000   241.7007420
    89.1500000   222.8199255
    89.2000000   203.9145840
    89.2500000   184.9847175
    89.3000000   166.0303260
    89.3500000   147.0514095
    89.4000000   128.0479680
    89.4500000   109.0200015
    89.5000000    89.9675100
    89.5500000    70.8904935
    89.6000000    51.7889520
    89.6500000    50.0000000
    89.7000000    50.0000000
    89.7500000    50.0000000
    89.8000000    50.0000000
    89.8500000    50.0000000
    89.9000000    50.0000000
    89.9500000    50.0000000
    90.0000000    50.0000000
    90.0500000    50.0000000
    90.1000000    50.0000000
    90.1500000    50.0000000
    90.2000000    50.0000000
    90.2500000    50.0000000
    90.3000000    50.0000000
    90.3500000    50.0000000
    90.4000000    50.0000000
    90.4500000    50.0000000
    90.5000000    50.0000000
    90.5500000    50.0000000
    90.6000000    50.0000000
    90.6500000    50.0000000
    90.7000000    50.0000000
    90.7500000    50.0000000
    90.8000000    50.0000000
    90.8500000    50.0000000
    90.9000000    50.0000000
    90.9500000    50.0000000
    91.0000000    50.0000000
    91.0500000    50.0000000
    91.1000000    50.0000000
    91.1500000    50.0000000
    91.2000000    50.0000000
    91.2500000    50.0000000
    91.3000000    50.0000000
    91.3500000    50.0000000
    91.4000000    50.0000000
    91.4500000    50.0000000
    91.5000000    50.0000000
    91.5500000    50.0000000
    91.6000000    50.0000000
    91.6500000    50.0000000
    91.7000000    50.0000000
    91.7500000    50.0000000
    91.8000000    50.0000000
    91.8500000    50.0000000
    91.9000000    50.0000000
    91.9500000    50.0000000
    92.0000000    50.0000000
    92.0500000    50.0000000
    92.1000000    50.0000000
    92.1500000    50.0000000
    92.2000000    50.0000000
    92.2500000    50.0000000
    92.3000000    50.0000000
    92.3500000    50.0000000
    92.4000000    50.0000000
    92.4500000    50.0000000
    92.5000000    50.0000000
    92.5500000    50.0000000
    92.6000000    50.0000000
    92.6500000    50.0000000
    92.7000000    50.0000000
    92.7500000    50.0000000
    92.8000000    50.0000000
    92.8500000    50.0000000
    92.9000000    50.0000000
    92.9500000    50.0000000
    93.0000000    50.0000000
    93.0500000    50.0000000
    93.1000000    50.0000000
    93.1500000    50.0000000
    93.2000000    50.0000000
    93.2500000    50.0000000
    93.3000000    50.0000000
    93.3500000    50.0000000
    93.4000000    50.0000000
    93.4500000    50.0000000
    93.5000000    50.0000000
    93.5500000    50.0000000
    93.6000000    50.0000000
    93.6500000    50.0000000
    93.7000000    50.0000000
    93.7500000    50.0000000
    93.8000000    50.0000000
    93.8500000    50.0000000
    93.9000000    50.0000000
    93.9500000    50.0000000
    94.0000000    50.0000000
    94.0500000    50.0000000
    94.1000000    50.0000000
    94.1500000    50.0000000
    94.2000000    50.0000000
    94.2500000    50.0000000
    94.3000000    50.0000000
    94.3500000    50.0000000
    94.4000000    50.0000000
    94.4500000    50.0000000
    94.5000000    50.0000000
    94.5500000    50.0000000
    94.6000000    50.0000000
    94.6500000    50.0000000
    94.7000000    50.0000000
    94.7500000    50.0000000
    94.8000000    50.0000000
    94.8500000    50.0000000
    94.9000000    50.0000000
    94.9500000    50.0000000
    95.0000000    50.0000000
    95.0500000    50.0000000
    95.1000000    50.0000000
    95.1500000    50.0000000
    95.2000000    50.0000000
    95.2500000    50.0000000
    95.3000000    50.0000000
    95.3500000    50.0000000
    95.4000000    50.0000000
    95.4500000    50.0000000
    95.5000000    50.0000000
    95.5500000    50.0000000
    95.6000000    50.0000000
    95.6500000    50.0000000
    95.7000000    50.0000000
    95.7500000    50.0000000
    95.8000000    50.0000000
    95.8500000    50.0000000
    95.9000000    50.0000000
    95.9500000    50.0000000
    96.0000000    50.0000000
    96.0500000    50.0000000
    96.1000000    50.0000000
    96.1500000    50.0000000
    96.2000000    50.0000000
    96.2500000    50.0000000
    96.3000000    50.0000000
    96.3500000    50.0000000
    96.4000000    50.0000000
    96.4500000    50.0000000
    96.5000000    50.0000000
    96.5500000    50.0000000
    96.6000000    50.0000000
    96.6500000    50.0000000
    96.7000000    50.0000000
    96.7500000    50.0000000
    96.8000000    50.0000000
    96.8500000    50.0000000
    96.9000000    50.0000000
    96.9500000    50.0000000
    97.0000000    50.0000000
    97.0500000    50.0000000
    97.1000000    50.0000000
    97.1500000    50.0000000
    97.2000000    50.0000000
    97.2500000    50.0000000
    97.3000000    50.0000000
    97.3500000    50.0000000
    97.4000000    50.0000000
    97.4500000    50.0000000
    97.5000000    50.0000000
    97.5500000    50.0000000
    97.6000000    50.0000000
    97.6500000    50.0000000
    97.7000000    50.0000000
    97.7500000    50.0000000
    97.8000000    50.0000000
    97.8500000    50.0000000
    97.9000000    50.0000000
    97.9500000    50.0000000
    98.0000000    50.0000000
    98.0500000    50.0000000
    98.1000000    50.0000000
    98.1500000    50.0000000
    98.2000000    50.0000000
    98.2500000    50.0000000
    98.3000000    50.0000000
    98.3500000    50.0000000
    98.4000000    50.0000000
    98.4500000    50.0000000
    98.5000000    50.0000000
    98.5500000    50.0000000
    98.6000000    50.0000000
    98.6500000    50.0000000
    98.7000000    50.0000000
    98.7500000    50.0000000
    98.8000000    50.0000000
    98.8500000    50.0000000
    98.9000000    50.0000000
    98.9500000    50.0000000
    99.0000000    50.0000000
    99.0500000    50.0000000
    99.1000000    50.0000000
    99.1500000    50.0000000
    99.2000000    50.0000000
    99.2500000    50.0000000
    99.3000000    50.0000000
    99.3500000    50.0000000
    99.4000000    50.0000000
    99.4500000    50.0000000
    99.5000000    50.0000000
    99.5500000    50.0000000
    99.6000000    50.0000000
