     0.0000000    -0.4366693
     0.0500000     0.8056048
     0.1000000     0.8567407
     0.1500000    -0.0974204
     0.2000000    -0.1749356
     0.2500000     0.3319133
     0.3000000     0.0279142
     0.3500000     0.7070149
     0.4000000    -0.5500331
     0.4500000     0.2368644
     0.5000000    -0.6619846
     0.5500000     0.4992602
     0.6000000    -0.5102859
     0.6500000     0.2986071
     0.7000000    -0.7984507
     0.7500000     0.9747831
     0.8000000     0.4033599
     0.8500000     0.6116091
     0.9000000    -0.2707725
     0.9500000    -0.3822718
     1.0000000     0.1261113
     1.0500000    -0.0995751
     1.1000000    -0.0854282
     1.1500000     0.6264287
     1.2000000     0.2947445
     1.2500000    -0.8267015
     1.3000000     0.4748946
     1.3500000     0.1872758
     1.4000000     0.9613116
     1.4500000    -0.3626351
     1.5000000     0.5892504
     1.5500000    -0.3272031
     1.6000000     0.0553999
     1.6500000     0.2832095
     1.7000000    -0.4614813
     1.7500000    -0.7488518
     1.8000000    -0.8125044
     1.8500000     0.0687377
     1.9000000    -0.4094174
     1.9500000     0.4931270
     2.0000000     0.5180959
     2.0500000    -0.9697475
     2.1000000    -0.3443654
     2.1500000     0.7042085
     2.2000000    -0.2491412
     2.2500000    -0.2418195
     2.3000000    -0.3098605
     2.3500000     0.1466627
     2.4000000     0.4425414
     2.4500000    -0.9238035
     2.5000000     0.7450257
     2.5500000     0.6061727
     2.6000000     0.2904213
     2.6500000     0.2005057
     2.7000000     0.3848599
     2.7500000     0.6144615
     2.8000000    -0.5939158
     2.8500000    -0.8426485
     2.9000000     0.5373737
     2.9500000    -0.2953525
     3.0000000     0.4808712
     3.0500000    -0.6508333
     3.1000000    -0.8989431
     3.1500000     0.1030993
     3.2000000     0.2613051
     3.2500000     0.2935367
     3.3000000     0.9820822
     3.3500000     0.2611369
     3.4000000     0.3375330
     3.4500000    -0.9359163
     3.5000000     0.6309074
     3.5500000    -0.1432557
     3.6000000     0.2826454
     3.6500000     0.4585252
     3.7000000    -0.4042932
     3.7500000    -0.3356818
     3.8000000     0.5875883
     3.8500000     0.3183206
     3.9000000    -0.3790380
     3.9500000    -0.2946253
     4.0000000    -0.4342109
     4.0500000    -0.7530951
     4.1000000    -0.5310860
     4.1500000    -0.5587598
     4.2000000    -0.4292670
     4.2500000    -0.5461481
     4.3000000    -0.3304561
     4.3500000    -0.4374252
     4.4000000    -0.7738992
     4.4500000    -0.6342105
     4.5000000    -0.5400094
     4.5500000    -0.7531171
     4.6000000     0.6560943
     4.6500000     0.6696993
     4.7000000    -0.4634032
     4.7500000    -0.8345907
     4.8000000     0.0710547
     4.8500000     0.7281093
     4.9000000     0.5303540
     4.9500000    -0.1489783
     5.0000000    -0.5366259
     5.0500000     0.7169587
     5.1000000     0.0421414
     5.1500000     0.0881989
     5.2000000    -0.1832176
     5.2500000    -0.1872450
     5.3000000    -0.7715731
     5.3500000     0.6152222
     5.4000000     0.4682258
     5.4500000    -0.1965292
     5.5000000     0.5955873
     5.5500000    -0.8582879
     5.6000000    -0.3482435
     5.6500000    -0.1788773
     5.7000000     0.0397598
     5.7500000    -0.5945415
     5.8000000    -0.1617191
     5.8500000    -0.4290163
     5.9000000     0.5913398
     5.9500000     0.3657546
     6.0000000    -0.2199771
     6.0500000     0.3692905
     6.1000000    -0.9442098
     6.1500000    -0.8361545
     6.2000000    -0.2351151
     6.2500000     0.4573507
     6.3000000     0.9409042
     6.3500000     0.3921170
     6.4000000     0.6853502
     6.4500000    -0.0441737
     6.5000000     0.5231502
     6.5500000    -0.6001626
     6.6000000     0.3527576
     6.6500000    -0.9497564
     6.7000000    -0.9943521
     6.7500000    -0.7149965
     6.8000000     0.0774110
     6.8500000     0.0617335
     6.9000000    -0.3961586
     6.9500000     0.7174113
     7.0000000    -0.9678724
     7.0500000    -0.9616322
     7.1000000    -0.2208983
     7.1500000     0.4910521
     7.2000000     0.7179963
     7.2500000     0.9579892
     7.3000000    -0.9480646
     7.3500000    -0.3423809
     7.4000000     0.0319866
     7.4500000     0.9915287
     7.5000000    -0.8672631
     7.5500000     0.9547866
     7.6000000     0.8527931
     7.6500000     0.1047254
     7.7000000     0.4960099
     7.7500000     0.2970048
     7.8000000     0.2678129
     7.8500000     0.7253941
     7.9000000     0.9507511
     7.9500000    -0.1879093
     8.0000000     0.0329610
     8.0500000    -0.1487088
     8.1000000    -0.6747936
     8.1500000    -0.1578479
     8.2000000     0.7449595
     8.2500000     0.4581591
     8.3000000    -0.1658969
     8.3500000    -0.4695387
     8.4000000     0.6532935
     8.4500000     0.7254168
     8.5000000     0.7139973
     8.5500000    -0.0841221
     8.6000000    -0.1446496
     8.6500000     0.5632278
     8.7000000     0.6715522
     8.7500000    -0.1293573
     8.8000000     0.5040577
     8.8500000     0.6793764
     8.9000000    -0.1265794
     8.9500000    -0.2512763
     9.0000000     0.3463239
     9.0500000    -0.0765453
     9.1000000    -0.8594901
     9.1500000     0.2735230
     9.2000000    -0.9337178
     9.2500000    -0.4322320
     9.3000000    -0.4711563
     9.3500000     0.4630451
     9.4000000    -0.4391308
     9.4500000     0.5417892
     9.5000000    -0.4781141
     9.5500000     0.2444206
     9.6000000     0.2990555
     9.6500000    -0.0966657
     9.7000000     0.8309709
     9.7500000    -0.9596325
     9.8000000     0.2511580
     9.8500000    -0.4173236
     9.9000000     0.1645989
     9.9500000     0.8314798
    10.0000000     0.5966158
    10.0500000     5.2157992
    10.1000000     9.8560757
    10.1500000    14.4225264
    10.2000000    16.1857062
    10.2500000    14.3734254
    10.3000000    11.1904029
    10.3500000     7.6625382
    10.4000000     2.6750967
    10.4500000    -3.0212522
    10.5000000    -7.7548239
    10.5500000    -9.0582160
    10.6000000    -8.9596821
    10.6500000    -7.6001449
    10.7000000    -4.2595583
    10.7500000     1.9438655
    10.8000000     9.9979972
    10.8500000    15.2530992
    10.9000000    22.2987815
    10.9500000    26.0378024
    11.0000000    29.6848089
    11.0500000    28.6153950
    11.1000000    28.4330025
    11.1500000    24.2973810
    11.2000000    21.2400347
    11.2500000    15.6974812
    11.3000000    12.7140285
    11.3500000    11.2984369
    11.4000000    12.0684585
    11.4500000    15.5942031
    11.5000000    22.0824909
    11.5500000    27.7361630
    11.6000000    35.6651642
    11.6500000    45.1923976
    11.7000000    52.1883695
    11.7500000    57.4407259
    11.8000000    61.5529322
    11.8500000    62.7257066
    11.9000000    61.0767736
    11.9500000    60.4757217
    12.0000000    57.0256747
    12.0500000    54.4077585
    12.1000000    52.6615039
    12.1500000    50.9516499
    12.2000000    54.4608435
    12.2500000    57.4446115
    12.3000000    65.3099007
    12.3500000    72.5747357
    12.4000000    82.0973694
    12.4500000    91.6558028
    12.5000000   100.5460379
    12.5500000   105.4971601
    12.6000000   110.4580164
    12.6500000   113.2133541
    12.7000000   113.7169903
    12.7500000   113.1430066
    12.8000000   111.7743343
    12.8500000   108.8903576
    12.9000000   109.4537089
    12.9500000   110.0021573
    13.0000000   112.7233566
    13.0500000   118.7263894
    13.1000000   125.5436643
    13.1500000   135.4436073
    13.2000000   145.2816172
    13.2500000   155.8713281
    13.3000000   164.0268958
    13.3500000   171.3114661
    13.4000000   176.6667924
    13.4500000   178.8476106
    13.5000000   180.9204832
    13.5500000   179.4449330
    13.6000000   178.2201550
    13.6500000   175.2540586
    13.7000000   175.6161924
    13.7500000   175.2649048
    13.8000000   178.2893590
    13.8500000   184.2269011
    13.9000000   189.4323225
    13.9500000   198.2077046
    14.0000000   209.1571806
    14.0500000   218.9872594
    14.1000000   227.4305502
    14.1500000   233.1730659
    14.2000000   237.5461335
    14.2500000   241.9178061
    14.3000000   241.3247499
    14.3500000   239.6086448
    14.4000000   238.1463146
    14.4500000   236.2938604
    14.5000000   234.7591912
    14.5500000   235.1698871
    14.6000000   237.3023635
    14.6500000   241.1020764
    14.7000000   248.8865005
    14.7500000   257.1496400
    14.8000000   265.4453756
    14.8500000   276.0585224
    14.9000000   284.2793168
    14.9500000   289.9774655
    15.0000000   293.9659486
    15.0500000   297.1467939
    15.1000000   297.1338189
    15.1500000   294.4140776
    15.2000000   291.3660772
    15.2500000   289.1943787
    15.3000000   288.3608819
    15.3500000   287.8882774
    15.4000000   290.4307637
    15.4500000   294.5004542
    15.5000000   299.6585889
    15.5500000   307.7859587
    15.6000000   316.3685863
    15.6500000   325.0412961
    15.7000000   334.2923779
    15.7500000   339.9932822
    15.8000000   343.8143274
    15.8500000   345.6061965
    15.9000000   346.0346293
    15.9500000   343.7821665
    16.0000000   339.4331612
    16.0500000   336.5599239
    16.1000000   335.3277516
    16.1500000   335.0593886
    16.2000000   335.4962998
    16.2500000   339.7532463
    16.3000000   346.5813455
    16.3500000   353.0602272
    16.4000000   362.6724616
    16.4500000   369.5054611
    16.5000000   377.0860368
    16.5500000   384.0801824
    16.6000000   387.1702152
    16.6500000   387.7093172
    16.7000000   386.9673098
    16.7500000   384.3491213
    16.8000000   382.7164480
    16.8500000   378.1615499
    16.9000000   376.8792378
    16.9500000   375.5263501
    17.0000000   376.1777301
    17.0500000   380.3717555
    17.1000000   385.3188921
    17.1500000   391.5086995
    17.2000000   400.4570968
    17.2500000   408.2439200
    17.3000000   414.5035249
    17.3500000   420.4681504
    17.4000000   424.8042400
    17.4500000   425.3721051
    17.5000000   423.7024136
    17.5500000   420.0558504
    17.6000000   416.2652832
    17.6500000   412.7400447
    17.7000000   410.6572005
    17.7500000   410.1691620
    17.8000000   409.6211276
    17.8500000   412.1915841
    17.9000000   418.7930637
    17.9500000   424.0548073
    18.0000000   433.1447235
    18.0500000   439.7704830
    18.1000000   447.3586646
    18.1500000   451.1882648
    18.2000000   454.0606265
    18.2500000   455.2458476
    18.3000000   454.2666593
    18.3500000   450.2312339
    18.4000000   446.1132179
    18.4500000   442.6193196
    18.5000000   438.6230170
    18.5500000   436.2554671
    18.6000000   437.9021472
    18.6500000   440.4601869
    18.7000000   444.8287476
    18.7500000   451.5865523
    18.8000000   458.8754111
    18.8500000   466.3208637
    18.9000000   471.7287492
    18.9500000   477.2300598
    19.0000000   479.9485442
    19.0500000   478.8171727
    19.1000000   477.6686240
    19.1500000   473.4226618
    19.2000000   468.1627237
    19.2500000   465.2896697
    19.3000000   460.2167109
    19.3500000   458.3624843
    19.4000000   458.4393803
    19.4500000   460.9321093
    19.5000000   465.7921088
    19.5500000   471.7672102
    19.6000000   477.9192982
    19.6500000   484.2890140
    19.7000000   491.4471197
    19.7500000   494.4125574
    19.8000000   497.9455442
    19.8500000   497.4551204
    19.9000000   493.8182264
    19.9500000   490.8620434
    20.0000000   486.4702514
    20.0500000   480.0673303
    20.1000000   477.1952273
    20.1500000   474.9911090
    20.2000000   474.0578081
    20.2500000   475.9542286
    20.3000000   478.6980022
    20.3500000   486.0195451
    20.4000000   491.9680424
    20.4500000   498.8423688
    20.5000000   502.5074319
    20.5500000   506.6702147
    20.6000000   509.3880663
    20.6500000   508.5145614
    20.7000000   504.5934786
    20.7500000   500.5183039
    20.8000000   496.3705483
    20.8500000   491.1333088
    20.9000000   485.8341031
    20.9500000   483.1437309
    21.0000000   482.2938744
    21.0500000   484.1504106
    21.1000000   486.9601132
    21.1500000   492.9088571
    21.2000000   498.7076515
    21.2500000   504.8696100
    21.3000000   510.2113915
    21.3500000   512.6479518
    21.4000000   514.6016155
    21.4500000   512.5980839
    21.5000000   511.0334396
    21.5500000   505.3372877
    21.6000000   500.5115690
    21.6500000   494.3715260
    21.7000000   488.8976609
    21.7500000   485.7832320
    21.8000000   484.7419852
    21.8500000   485.6357172
    21.9000000   488.8117080
    21.9500000   494.3479324
    22.0000000   499.7970280
    22.0500000   504.2001807
    22.1000000   509.5882639
    22.1500000   512.1068085
    22.2000000   513.8149175
    22.2500000   512.8681552
    22.3000000   508.9962995
    22.3500000   503.6556359
    22.4000000   496.7384147
    22.4500000   491.2300514
    22.5000000   485.7897748
    22.5500000   482.0362083
    22.6000000   480.5556022
    22.6500000   482.1862411
    22.7000000   484.8562661
    22.7500000   488.5311443
    22.8000000   493.1812754
    22.8500000   498.6302441
    22.9000000   504.3570988
    22.9500000   506.3321327
    23.0000000   506.3751442
    23.0500000   504.3008054
    23.1000000   500.2526539
    23.1500000   494.6887506
    23.2000000   489.5480614
    23.2500000   482.6794562
    23.3000000   476.0596218
    23.3500000   472.0456506
    23.4000000   470.0180336
    23.4500000   471.1242254
    23.5000000   472.7787509
    23.5500000   476.9504947
    23.6000000   482.7805085
    23.6500000   487.7181040
    23.7000000   491.2001490
    23.7500000   494.2142248
    23.8000000   494.1264011
    23.8500000   490.9891443
    23.9000000   485.9816498
    23.9500000   481.2189976
    24.0000000   474.6252826
    24.0500000   466.3175229
    24.1000000   461.4443608
    24.1500000   456.9057745
    24.2000000   454.6278268
    24.2500000   455.0156254
    24.3000000   456.9546485
    24.3500000   459.0231684
    24.4000000   464.0445249
    24.4500000   468.5637938
    24.5000000   472.1538816
    24.5500000   473.4018187
    24.6000000   473.7862199
    24.6500000   472.1768105
    24.7000000   466.9445545
    24.7500000   460.6220949
    24.8000000   453.4236340
    24.8500000   445.7230874
    24.9000000   440.1467249
    24.9500000   434.3922500
    25.0000000   431.4050763
    25.0500000   432.1154802
    25.1000000   432.0694188
    25.1500000   435.1540397
    25.2000000   440.5595007
    25.2500000   444.4039985
    25.3000000   446.3553413
    25.3500000   447.7847070
    25.4000000   447.5618858
    25.4500000   444.3951797
    25.5000000   440.1300127
    25.5500000   432.8183071
    25.6000000   426.0288864
    25.6500000   418.5179461
    25.7000000   411.8673127
    25.7500000   404.9877783
    25.8000000   402.7917424
    25.8500000   402.2349801
    25.9000000   403.0217402
    25.9500000   406.3386764
    26.0000000   409.7577601
    26.0500000   414.0313492
    26.1000000   415.0415994
    26.1500000   416.5079650
    26.2000000   416.5946340
    26.2500000   412.2179654
    26.3000000   406.2887167
    26.3500000   399.5210737
    26.4000000   391.4895390
    26.4500000   383.8728113
    26.5000000   377.0831513
    26.5500000   370.3466228
    26.6000000   367.0172998
    26.6500000   366.0498624
    26.7000000   367.5518585
    26.7500000   368.8056121
    26.8000000   372.8101516
    26.8500000   375.5903444
    26.9000000   378.2845805
    26.9500000   378.4433773
    27.0000000   377.5947267
    27.0500000   372.7585220
    27.1000000   366.8075226
    27.1500000   360.4620445
    27.2000000   352.3254088
    27.2500000   344.2250358
    27.3000000   335.4473187
    27.3500000   330.1200603
    27.4000000   325.2291789
    27.4500000   324.3055078
    27.5000000   325.5476617
    27.5500000   326.5973391
    27.6000000   330.4690268
    27.6500000   332.9276126
    27.7000000   333.3955579
    27.7500000   334.4445924
    27.8000000   332.4489601
    27.8500000   328.3570365
    27.9000000   322.1200096
    27.9500000   313.6196548
    28.0000000   305.1163186
    28.0500000   295.9899203
    28.1000000   288.0395208
    28.1500000   282.9004657
    28.2000000   278.4469899
    28.2500000   275.4121704
    28.3000000   275.7445176
    28.3500000   277.1958776
    28.4000000   279.9152550
    28.4500000   282.2498754
    28.5000000   284.8693434
    28.5500000   283.2143498
    28.6000000   281.9899460
    28.6500000   277.9137253
    28.7000000   271.1721683
    28.7500000   261.4112100
    28.8000000   252.1933466
    28.8500000   243.0770388
    28.9000000   235.8888461
    28.9500000   229.2033144
    29.0000000   224.2866491
    29.0500000   221.4361549
    29.1000000   220.3642596
    29.1500000   222.7659037
    29.2000000   224.0807782
    29.2500000   225.6641856
    29.3000000   228.3773057
    29.3500000   227.9407779
    29.4000000   225.0176911
    29.4500000   219.6060582
    29.5000000   213.0796715
    29.5500000   204.6925332
    29.6000000   195.0910789
    29.6500000   184.9306237
    29.7000000   176.0150678
    29.7500000   167.9081008
    29.8000000   164.2819479
    29.8500000   159.9699862
    29.9000000   159.3639201
    29.9500000   160.8068364
    30.0000000   162.9027792
    30.0500000   164.7135256
    30.1000000   164.8455858
    30.1500000   164.7596634
    30.2000000   160.1751347
    30.2500000   156.3951545
    30.3000000   148.4092442
    30.3500000   138.3664700
    30.4000000   128.7746240
    30.4500000   118.3997151
    30.5000000   109.7392271
    30.5500000   102.5139890
    30.6000000    97.1961080
    30.6500000    93.1599788
    30.7000000    92.9045544
    30.7500000    93.0282284
    30.8000000    93.8872982
    30.8500000    95.2571325
    30.9000000    95.3740056
    30.9500000    93.8952332
    31.0000000    90.6104529
    31.0500000    84.9237093
    31.1000000    78.5302593
    31.1500000    67.8829572
    31.2000000    58.2647829
    31.2500000    47.0907944
    31.3000000    50.1806399
    31.3500000    49.1942085
    31.4000000    50.4080152
    31.4500000    50.5860638
    31.5000000    49.3561067
    31.5500000    49.1443107
    31.6000000    49.0297868
    31.6500000    49.1758609
    31.7000000    50.6081728
    31.7500000    49.6357318
    31.8000000    49.2983372
    31.8500000    49.6210449
    31.9000000    49.2071189
    31.9500000    50.3355183
    32.0000000    50.8354796
    32.0500000    50.1887415
    32.1000000    50.5734962
    32.1500000    50.5525350
    32.2000000    50.1226792
    32.2500000    49.7071398
    32.3000000    50.6894293
    32.3500000    49.0427447
    32.4000000    50.6923464
    32.4500000    50.8060559
    32.5000000    50.4456751
    32.5500000    49.2284838
    32.6000000    50.2225663
    32.6500000    49.4414502
    32.7000000    49.9778766
    32.7500000    50.0843719
    32.8000000    49.0319967
    32.8500000    49.9641251
    32.9000000    50.6317581
    32.9500000    49.4267305
    33.0000000    50.9432227
    33.0500000    49.7118232
    33.1000000    50.8532834
    33.1500000    49.7939010
    33.2000000    49.1451733
    33.2500000    49.1900633
    33.3000000    49.4802378
    33.3500000    50.7996946
    33.4000000    50.0264812
    33.4500000    50.1096630
    33.5000000    49.8497756
    33.5500000    50.2000861
    33.6000000    49.3161894
    33.6500000    50.4288251
    33.7000000    49.7628563
    33.7500000    50.7700611
    33.8000000    49.3222389
    33.8500000    49.1078378
    33.9000000    50.6997660
    33.9500000    49.6772771
    34.0000000    49.6172271
    34.0500000    50.1117363
    34.1000000    50.9801865
    34.1500000    49.0173807
    34.2000000    49.7890200
    34.2500000    50.4331318
    34.3000000    49.7412710
    34.3500000    50.2700973
    34.4000000    49.2856990
    34.4500000    50.1915354
    34.5000000    50.4887737
    34.5500000    50.8832013
    34.6000000    49.4831849
    34.6500000    49.9227913
    34.7000000    49.6034113
    34.7500000    49.1909611
    34.8000000    49.9650453
    34.8500000    50.0273456
    34.9000000    50.6439524
    34.9500000    49.0278670
    35.0000000    50.1395219
    35.0500000    50.9644957
    35.1000000    49.5325025
    35.1500000    49.4503860
    35.2000000    49.1824840
    35.2500000    50.0310345
    35.3000000    50.5470593
    35.3500000    49.6270535
    35.4000000    50.8103428
    35.4500000    49.5969176
    35.5000000    50.5209542
    35.5500000    50.1046239
    35.6000000    50.7575663
    35.6500000    50.8293657
    35.7000000    49.0889872
    35.7500000    50.3784099
    35.8000000    49.0442735
    35.8500000    50.1667498
    35.9000000    50.7886057
    35.9500000    50.9636831
    36.0000000    49.0843719
    36.0500000    49.7757835
    36.1000000    49.4255186
    36.1500000    50.6996681
    36.2000000    49.9649429
    36.2500000    49.5428400
    36.3000000    50.7500926
    36.3500000    49.5015569
    36.4000000    50.6781066
    36.4500000    49.6372161
    36.5000000    50.8733595
    36.5500000    49.5196611
    36.6000000    49.1049648
    36.6500000    49.7017326
    36.7000000    49.9999969
    36.7500000    49.1031125
    36.8000000    49.0601952
    36.8500000    50.2856105
    36.9000000    50.2729083
    36.9500000    49.8308937
    37.0000000    49.2423444
    37.0500000    50.9553529
    37.1000000    49.7467136
    37.1500000    50.9501756
    37.2000000    50.8637636
    37.2500000    50.7395844
    37.3000000    49.9510116
    37.3500000    50.7853663
    37.4000000    50.1182490
    37.4500000    49.0508810
    37.5000000    49.2528793
    37.5500000    50.9288597
    37.6000000    50.4141745
    37.6500000    50.2066014
    37.7000000    49.1663363
    37.7500000    50.4436344
    37.8000000    49.9682129
    37.8500000    49.9024732
    37.9000000    49.4232943
    37.9500000    49.5685288
    38.0000000    49.7148072
    38.0500000    50.4671508
    38.1000000    49.8013140
    38.1500000    50.4618774
    38.2000000    50.4032550
    38.2500000    50.5474572
    38.3000000    50.5195667
    38.3500000    50.9900129
    38.4000000    50.9059365
    38.4500000    50.9546621
    38.5000000    49.5197128
    38.5500000    49.5091764
    38.6000000    49.4698994
    38.6500000    50.4472811
    38.7000000    49.4826139
    38.7500000    50.8455284
    38.8000000    49.2347892
    38.8500000    49.3846880
    38.9000000    49.9789237
    38.9500000    50.7058899
    39.0000000    49.0099458
    39.0500000    50.4478996
    39.1000000    49.5018866
    39.1500000    50.7810423
    39.2000000    49.6024632
    39.2500000    49.1906764
    39.3000000    50.4391050
    39.3500000    49.5455635
    39.4000000    50.5629597
    39.4500000    50.7054268
    39.5000000    50.7067546
    39.5500000    49.4348906
    39.6000000    50.1664938
    39.6500000    49.2203914
    39.7000000    50.7684741
    39.7500000    50.7937905
    39.8000000    50.1875021
    39.8500000    49.5362943
    39.9000000    49.1905438
    39.9500000    50.4314265
    40.0000000    49.2595698
    40.0500000    50.1999050
    40.1000000    50.7008659
    40.1500000    50.8561776
    40.2000000    50.6719143
    40.2500000    50.2931491
    40.3000000    49.3839599
    40.3500000    50.4510343
    40.4000000    49.3097087
    40.4500000    49.2773255
    40.5000000    49.2221273
    40.5500000    50.6525285
    40.6000000    49.6974433
    40.6500000    49.9435241
    40.7000000    50.3791165
    40.7500000    49.0030414
    40.8000000    49.3254507
    40.8500000    49.8895118
    40.9000000    50.5009752
    40.9500000    50.6165094
    41.0000000    50.4615757
    41.0500000    49.6316592
    41.1000000    50.6340293
    41.1500000    49.2322681
    41.2000000    50.8525873
    41.2500000    50.2831624
