     0.0000000     0.0000000
     0.0500000     0.0000000
     0.1000000     0.0000000
     0.1500000     0.0000000
     0.2000000     0.0000000
     0.2500000     0.0000000
     0.3000000     0.0000000
     0.3500000     0.0000000
     0.4000000     0.0000000
     0.4500000     0.0000000
     0.5000000     0.0000000
     0.5500000     0.0000000
     0.6000000     0.0000000
     0.6500000     0.0000000
     0.7000000     0.0000000
     0.7500000     0.0000000
     0.8000000     0.0000000
     0.8500000     0.0000000
     0.9000000     0.0000000
     0.9500000     0.0000000
     1.0000000     0.0000000
     1.0500000     0.0000000
     1.1000000     0.0000000
     1.1500000     0.0000000
     1.2000000     0.0000000
     1.2500000     0.0000000
     1.3000000     0.0000000
     1.3500000     0.0000000
     1.4000000     0.0000000
     1.4500000     0.0000000
     1.5000000     0.0000000
     1.5500000     0.0000000
     1.6000000     0.0000000
     1.6500000     0.0000000
     1.7000000     0.0000000
     1.7500000     0.0000000
     1.8000000     0.0000000
     1.8500000     0.0000000
     1.9000000     0.0000000
     1.9500000     0.0000000
     2.0000000     0.0000000
     2.0500000     0.0000000
     2.1000000     0.0000000
     2.1500000     0.0000000
     2.2000000     0.0000000
     2.2500000     0.0000000
     2.3000000     0.0000000
     2.3500000     0.0000000
     2.4000000     0.0000000
     2.4500000     0.0000000
     2.5000000     0.0000000
     2.5500000     0.0000000
     2.6000000     0.0000000
     2.6500000     0.0000000
     2.7000000     0.0000000
     2.7500000     0.0000000
     2.8000000     0.0000000
     2.8500000     0.0000000
     2.9000000     0.0000000
     2.9500000     0.0000000
     3.0000000     0.0000000
     3.0500000     0.0000000
     3.1000000     0.0000000
     3.1500000     0.0000000
     3.2000000     0.0000000
     3.2500000     0.0000000
     3.3000000     0.0000000
     3.3500000     0.0000000
     3.4000000     0.0000000
     3.4500000     0.0000000
     3.5000000     0.0000000
     3.5500000     0.0000000
     3.6000000     0.0000000
     3.6500000     0.0000000
     3.7000000     0.0000000
     3.7500000     0.0000000
     3.8000000     0.0000000
     3.8500000     0.0000000
     3.9000000     0.0000000
     3.9500000     0.0000000
     4.0000000     0.0000000
     4.0500000     0.0000000
     4.1000000     0.0000000
     4.1500000     0.0000000
     4.2000000     0.0000000
     4.2500000     0.0000000
     4.3000000     0.0000000
     4.3500000     0.0000000
     4.4000000     0.0000000
     4.4500000     0.0000000
     4.5000000     0.0000000
     4.5500000     0.0000000
     4.6000000     0.0000000
     4.6500000     0.0000000
     4.7000000     0.0000000
     4.7500000     0.0000000
     4.8000000     0.0000000
     4.8500000     0.0000000
     4.9000000     0.0000000
     4.9500000     0.0000000
     5.0000000     0.0000000
     5.0500000     0.0000000
     5.1000000     0.0000000
     5.1500000     0.0000000
     5.2000000     0.0000000
     5.2500000     0.0000000
     5.3000000     0.0000000
     5.3500000     0.0000000
     5.4000000     0.0000000
     5.4500000     0.0000000
     5.5000000     0.0000000
     5.5500000     0.0000000
     5.6000000     0.0000000
     5.6500000     0.0000000
     5.7000000     0.0000000
     5.7500000     0.0000000
     5.8000000     0.0000000
     5.8500000     0.0000000
     5.9000000     0.0000000
     5.9500000     0.0000000
     6.0000000     0.0000000
     6.0500000     0.0000000
     6.1000000     0.0000000
     6.1500000     0.0000000
     6.2000000     0.0000000
     6.2500000     0.0000000
     6.3000000     0.0000000
     6.3500000     0.0000000
     6.4000000     0.0000000
     6.4500000     0.0000000
     6.5000000     0.0000000
     6.5500000     0.0000000
     6.6000000     0.0000000
     6.6500000     0.0000000
     6.7000000     0.0000000
     6.7500000     0.0000000
     6.8000000     0.0000000
     6.8500000     0.0000000
     6.9000000     0.0000000
     6.9500000     0.0000000
     7.0000000     0.0000000
     7.0500000     0.0000000
     7.1000000     0.0000000
     7.1500000     0.0000000
     7.2000000     0.0000000
     7.2500000     0.0000000
     7.3000000     0.0000000
     7.3500000     0.0000000
     7.4000000     0.0000000
     7.4500000     0.0000000
     7.5000000     0.0000000
     7.5500000     0.0000000
     7.6000000     0.0000000
     7.6500000     0.0000000
     7.7000000     0.0000000
     7.7500000     0.0000000
     7.8000000     0.0000000
     7.8500000     0.0000000
     7.9000000     0.0000000
     7.9500000     0.0000000
     8.0000000     0.0000000
     8.0500000     0.0000000
     8.1000000     0.0000000
     8.1500000     0.0000000
     8.2000000     0.0000000
     8.2500000     0.0000000
     8.3000000     0.0000000
     8.3500000     0.0000000
     8.4000000     0.0000000
     8.4500000     0.0000000
     8.5000000     0.0000000
     8.5500000     0.0000000
     8.6000000     0.0000000
     8.6500000     0.0000000
     8.7000000     0.0000000
     8.7500000     0.0000000
     8.8000000     0.0000000
     8.8500000     0.0000000
     8.9000000     0.0000000
     8.9500000     0.0000000
     9.0000000     0.0000000
     9.0500000     0.0000000
     9.1000000     0.0000000
     9.1500000     0.0000000
     9.2000000     0.0000000
     9.2500000     0.0000000
     9.3000000     0.0000000
     9.3500000     0.0000000
     9.4000000     0.0000000
     9.4500000     0.0000000
     9.5000000     0.0000000
     9.5500000     0.0000000
     9.6000000     0.0000000
     9.6500000     0.0000000
     9.7000000     0.0000000
     9.7500000     0.0000000
     9.8000000     0.0000000
     9.8500000     0.0000000
     9.9000000     0.0000000
     9.9500000     0.0000000
    10.0000000     0.0000000
    10.0500000     0.1785359
    10.1000000     0.7141435
    10.1500000     1.6068228
    10.2000000     2.8565739
    10.2500000     4.4633967
    10.3000000     6.4272913
    10.3500000     8.7482576
    10.4000000    11.4262956
    10.4500000    14.4614054
    10.5000000    17.8535869
    10.5500000    21.6028401
    10.6000000    25.7091651
    10.6500000    30.1725618
    10.7000000    34.9930303
    10.7500000    40.1705705
    10.8000000    45.7051824
    10.8500000    51.5968661
    10.9000000    57.8456215
    10.9500000    64.4514486
    11.0000000    71.4143475
    11.0500000    78.7343181
    11.1000000    86.4113605
    11.1500000    94.4454746
    11.2000000   102.8366604
    11.2500000   111.5849180
    11.3000000   120.6902473
    11.3500000   130.1526483
    11.4000000   139.9721211
    11.4500000   150.1486656
    11.5000000   160.6822819
    11.5500000   171.5729699
    11.6000000   182.8207296
    11.6500000   194.4255611
    11.7000000   206.3874643
    11.7500000   218.7064392
    11.8000000   231.3824859
    11.8500000   244.4156043
    11.9000000   257.8057945
    11.9500000   271.5530564
    12.0000000   285.6573900
    12.0500000   300.1187954
    12.1000000   314.9372725
    12.1500000   330.1128213
    12.2000000   345.6454419
    12.2500000   361.5351342
    12.3000000   377.7818983
    12.3500000   394.3857341
    12.4000000   411.3466416
    12.4500000   428.6646209
    12.5000000   446.3396719
    12.5500000   464.3717946
    12.6000000   482.7609891
    12.6500000   501.5072553
    12.7000000   520.6105933
    12.7500000   540.0710030
    12.8000000   559.8884844
    12.8500000   580.0630376
    12.9000000   600.5946625
    12.9500000   621.4833591
    13.0000000   642.7291275
    13.0500000   664.1411693
    13.1000000   685.5286860
    13.1500000   706.8916778
    13.2000000   728.2301445
    13.2500000   749.5440863
    13.3000000   770.8335030
    13.3500000   792.0983948
    13.4000000   813.3387615
    13.4500000   834.5546033
    13.5000000   855.7459200
    13.5500000   876.9127118
    13.6000000   898.0549785
    13.6500000   919.1727203
    13.7000000   940.2659370
    13.7500000   961.3346288
    13.8000000   982.3787955
    13.8500000  1003.3984373
    13.9000000  1024.3935540
    13.9500000  1045.3641458
    14.0000000  1066.3102125
    14.0500000  1087.2317543
    14.1000000  1108.1287710
    14.1500000  1129.0012628
    14.2000000  1149.8492295
    14.2500000  1170.6726713
    14.3000000  1191.4715880
    14.3500000  1212.2459798
    14.4000000  1232.9958465
    14.4500000  1253.7211883
    14.5000000  1274.4220050
    14.5500000  1295.0982968
    14.6000000  1315.7500635
    14.6500000  1336.3773053
    14.7000000  1356.9800220
    14.7500000  1377.5582138
    14.8000000  1398.1118805
    14.8500000  1418.6410223
    14.9000000  1439.1456390
    14.9500000  1459.6257308
    15.0000000  1480.0812975
    15.0500000  1500.5123393
    15.1000000  1520.9188560
    15.1500000  1541.3008478
    15.2000000  1561.6583145
    15.2500000  1581.9912563
    15.3000000  1602.2996730
    15.3500000  1622.5835648
    15.4000000  1642.8429315
    15.4500000  1663.0777733
    15.5000000  1683.2880900
    15.5500000  1703.4738818
    15.6000000  1723.6351485
    15.6500000  1743.7718903
    15.7000000  1763.8841070
    15.7500000  1783.9717988
    15.8000000  1804.0349655
    15.8500000  1824.0736073
    15.9000000  1844.0877240
    15.9500000  1864.0773158
    16.0000000  1884.0423825
    16.0500000  1903.9829243
    16.1000000  1923.8989410
    16.1500000  1943.7904328
    16.2000000  1963.6573995
    16.2500000  1983.4998413
    16.3000000  2003.3177580
    16.3500000  2023.1111498
    16.4000000  2042.8800165
    16.4500000  2062.6243583
    16.5000000  2082.3441750
    16.5500000  2102.0394668
    16.6000000  2121.7102335
    16.6500000  2141.3564753
    16.7000000  2160.9781920
    16.7500000  2180.5753838
    16.8000000  2200.1480505
    16.8500000  2219.6961923
    16.9000000  2239.2198090
    16.9500000  2258.7189008
    17.0000000  2278.1934675
    17.0500000  2297.6435093
    17.1000000  2317.0690260
    17.1500000  2336.4700178
    17.2000000  2355.8464845
    17.2500000  2375.1984263
    17.3000000  2394.5258430
    17.3500000  2413.8287348
    17.4000000  2433.1071015
    17.4500000  2452.3609433
    17.5000000  2471.5902600
    17.5500000  2490.7950518
    17.6000000  2509.9753185
    17.6500000  2529.1310603
    17.7000000  2548.2622770
    17.7500000  2567.3689688
    17.8000000  2586.4511355
    17.8500000  2605.5087773
    17.9000000  2624.5418940
    17.9500000  2643.5504858
    18.0000000  2662.5345525
    18.0500000  2681.4940943
    18.1000000  2700.4291110
    18.1500000  2719.3396028
    18.2000000  2738.2255695
    18.2500000  2757.0870113
    18.3000000  2775.9239280
    18.3500000  2794.7363198
    18.4000000  2813.5241865
    18.4500000  2832.2875283
    18.5000000  2851.0263450
    18.5500000  2869.7406368
    18.6000000  2888.4304035
    18.6500000  2907.0956453
    18.7000000  2925.7363620
    18.7500000  2944.3525538
    18.8000000  2962.9442205
    18.8500000  2981.5113623
    18.9000000  3000.0539790
    18.9500000  3018.5720708
    19.0000000  3037.0656375
    19.0500000  3055.5346793
    19.1000000  3073.9791960
    19.1500000  3092.3991878
    19.2000000  3110.7946545
    19.2500000  3129.1655963
    19.3000000  3147.5120130
    19.3500000  3165.8339048
    19.4000000  3184.1312715
    19.4500000  3202.4041133
    19.5000000  3220.6524300
    19.5500000  3238.8762218
    19.6000000  3257.0754885
    19.6500000  3275.2502303
    19.7000000  3293.4004470
    19.7500000  3311.5261388
    19.8000000  3329.6273055
    19.8500000  3347.7039473
    19.9000000  3365.7560640
    19.9500000  3383.7836558
    20.0000000  3401.7867225
    20.0500000  3419.7652643
    20.1000000  3437.7192810
    20.1500000  3455.6487728
    20.2000000  3473.5537395
    20.2500000  3491.4341813
    20.3000000  3509.2900980
    20.3500000  3527.1214898
    20.4000000  3544.9283565
    20.4500000  3562.7106983
    20.5000000  3580.4685150
    20.5500000  3598.2018068
    20.6000000  3615.9105735
    20.6500000  3633.5948153
    20.7000000  3651.2545320
    20.7500000  3668.8897238
    20.8000000  3686.5003905
    20.8500000  3704.0865323
    20.9000000  3721.6481490
    20.9500000  3739.1852408
    21.0000000  3756.6978075
    21.0500000  3774.1858493
    21.1000000  3791.6493660
    21.1500000  3809.0883578
    21.2000000  3826.5028245
    21.2500000  3843.8927663
    21.3000000  3861.2581830
    21.3500000  3878.5990748
    21.4000000  3895.9154415
    21.4500000  3913.2072833
    21.5000000  3930.4746000
    21.5500000  3947.7173918
    21.6000000  3964.9356585
    21.6500000  3982.1294003
    21.7000000  3999.2986170
    21.7500000  4016.4433088
    21.8000000  4033.5634755
    21.8500000  4050.6591173
    21.9000000  4067.7302340
    21.9500000  4084.7768258
    22.0000000  4101.7988925
    22.0500000  4118.7964343
    22.1000000  4135.7694510
    22.1500000  4152.7179428
    22.2000000  4169.6419095
    22.2500000  4186.5413513
    22.3000000  4203.4162680
    22.3500000  4220.2666598
    22.4000000  4237.0925265
    22.4500000  4253.8938683
    22.5000000  4270.6706850
    22.5500000  4287.4229768
    22.6000000  4304.1507435
    22.6500000  4320.8539853
    22.7000000  4337.5327020
    22.7500000  4354.1868938
    22.8000000  4370.8165605
    22.8500000  4387.4217023
    22.9000000  4404.0023190
    22.9500000  4420.5584108
    23.0000000  4437.0899775
    23.0500000  4453.5970193
    23.1000000  4470.0795360
    23.1500000  4486.5375278
    23.2000000  4502.9709945
    23.2500000  4519.3799363
    23.3000000  4535.7643530
    23.3500000  4552.1242448
    23.4000000  4568.4596115
    23.4500000  4584.7704533
    23.5000000  4601.0567700
    23.5500000  4617.3185618
    23.6000000  4633.5558285
    23.6500000  4649.7685703
    23.7000000  4665.9567870
    23.7500000  4682.1204788
    23.8000000  4698.2596455
    23.8500000  4714.3742873
    23.9000000  4730.4644040
    23.9500000  4746.5299958
    24.0000000  4762.5710625
    24.0500000  4778.5876043
    24.1000000  4794.5796210
    24.1500000  4810.5471128
    24.2000000  4826.4900795
    24.2500000  4842.4085213
    24.3000000  4858.3024380
    24.3500000  4874.1718298
    24.4000000  4890.0166965
    24.4500000  4905.8370383
    24.5000000  4921.6328550
    24.5500000  4937.4041468
    24.6000000  4953.1509135
    24.6500000  4968.8731553
    24.7000000  4984.5708720
    24.7500000  5000.2440638
    24.8000000  5015.8927305
    24.8500000  5031.5168723
    24.9000000  5047.1164890
    24.9500000  5062.6915808
    25.0000000  5078.2421475
    25.0500000  5093.7681893
    25.1000000  5109.2697060
    25.1500000  5124.7466978
    25.2000000  5140.1991645
    25.2500000  5155.6271063
    25.3000000  5171.0305230
    25.3500000  5186.4094148
    25.4000000  5201.7637815
    25.4500000  5217.0936233
    25.5000000  5232.3989400
    25.5500000  5247.6797318
    25.6000000  5262.9359985
    25.6500000  5278.1677403
    25.7000000  5293.3749570
    25.7500000  5308.5576488
    25.8000000  5323.7158155
    25.8500000  5338.8494573
    25.9000000  5353.9585740
    25.9500000  5369.0431658
    26.0000000  5384.1032325
    26.0500000  5399.1387743
    26.1000000  5414.1497910
    26.1500000  5429.1362828
    26.2000000  5444.0982495
    26.2500000  5459.0356913
    26.3000000  5473.9486080
    26.3500000  5488.8369998
    26.4000000  5503.7008665
    26.4500000  5518.5402083
    26.5000000  5533.3550250
    26.5500000  5548.1453168
    26.6000000  5562.9110835
    26.6500000  5577.6523253
    26.7000000  5592.3690420
    26.7500000  5607.0612338
    26.8000000  5621.7289005
    26.8500000  5636.3720423
    26.9000000  5650.9906590
    26.9500000  5665.5847508
    27.0000000  5680.1543175
    27.0500000  5694.6993593
    27.1000000  5709.2198760
    27.1500000  5723.7158678
    27.2000000  5738.1873345
    27.2500000  5752.6342763
    27.3000000  5767.0566930
    27.3500000  5781.4545848
    27.4000000  5795.8279515
    27.4500000  5810.1767933
    27.5000000  5824.5011100
    27.5500000  5838.8009018
    27.6000000  5853.0761685
    27.6500000  5867.3269103
    27.7000000  5881.5531270
    27.7500000  5895.7548188
    27.8000000  5909.9319855
    27.8500000  5924.0846273
    27.9000000  5938.2127440
    27.9500000  5952.3163358
    28.0000000  5966.3954025
    28.0500000  5980.4499443
    28.1000000  5994.4799610
    28.1500000  6008.4854528
    28.2000000  6022.4664195
    28.2500000  6036.4228613
    28.3000000  6050.3547780
    28.3500000  6064.2621698
    28.4000000  6078.1450365
    28.4500000  6092.0033783
    28.5000000  6105.8371950
    28.5500000  6119.6464868
    28.6000000  6133.4312535
    28.6500000  6147.1914953
    28.7000000  6160.9272120
    28.7500000  6174.6384038
    28.8000000  6188.3250705
    28.8500000  6201.9872123
    28.9000000  6215.6248290
    28.9500000  6229.2379208
    29.0000000  6242.8264875
    29.0500000  6256.3905293
    29.1000000  6269.9300460
    29.1500000  6283.4450378
    29.2000000  6296.9355045
    29.2500000  6310.4014463
    29.3000000  6323.8428630
    29.3500000  6337.2597548
    29.4000000  6350.6521215
    29.4500000  6364.0199633
    29.5000000  6377.3632800
    29.5500000  6390.6820718
    29.6000000  6403.9763385
    29.6500000  6417.2460803
    29.7000000  6430.4912970
    29.7500000  6443.7119888
    29.8000000  6456.9081555
    29.8500000  6470.0797973
    29.9000000  6483.2269140
    29.9500000  6496.3495058
    30.0000000  6509.4475725
    30.0500000  6522.5211143
    30.1000000  6535.5701310
    30.1500000  6548.5946228
    30.2000000  6561.5945895
    30.2500000  6574.5700313
    30.3000000  6587.5209480
    30.3500000  6600.4473398
    30.4000000  6613.3492065
    30.4500000  6626.2265483
    30.5000000  6639.0793650
    30.5500000  6651.9076568
    30.6000000  6664.7114235
    30.6500000  6677.4906653
    30.7000000  6690.2453820
    30.7500000  6702.9755738
    30.8000000  6715.6812405
    30.8500000  6728.3623823
    30.9000000  6741.0189990
    30.9500000  6753.6510908
    31.0000000  6766.2586575
    31.0500000  6778.8416993
    31.1000000  6791.4002160
    31.1500000  6803.9342078
    31.2000000  6816.4436745
    31.2500000  6828.9286163
    31.3000000  6841.3890330
    31.3500000  6853.8249248
    31.4000000  6866.2362915
    31.4500000  6878.6231333
    31.5000000  6890.9854500
    31.5500000  6903.3232418
    31.6000000  6915.6365085
    31.6500000  6927.9252503
    31.7000000  6940.1894670
    31.7500000  6952.4291588
    31.8000000  6964.6443255
    31.8500000  6976.8349673
    31.9000000  6989.0010840
    31.9500000  7001.1426758
    32.0000000  7013.2597425
    32.0500000  7025.3522843
    32.1000000  7037.4203010
    32.1500000  7049.4637928
    32.2000000  7061.4827595
    32.2500000  7073.4772013
    32.3000000  7085.4471180
    32.3500000  7097.3925098
    32.4000000  7109.3133765
    32.4500000  7121.2097183
    32.5000000  7133.0815350
    32.5500000  7144.9288268
    32.6000000  7156.7515935
    32.6500000  7168.5498353
    32.7000000  7180.3235520
    32.7500000  7192.0727438
    32.8000000  7203.7974105
    32.8500000  7215.4975523
    32.9000000  7227.1731690
    32.9500000  7238.8242608
    33.0000000  7250.4508275
    33.0500000  7262.0528693
    33.1000000  7273.6303860
    33.1500000  7285.1833778
    33.2000000  7296.7118445
    33.2500000  7308.2157863
    33.3000000  7319.6952030
    33.3500000  7331.1500948
    33.4000000  7342.5804615
    33.4500000  7353.9863033
    33.5000000  7365.3676200
    33.5500000  7376.7244118
    33.6000000  7388.0566785
    33.6500000  7399.3644203
    33.7000000  7410.6476370
    33.7500000  7421.9063288
    33.8000000  7433.1404955
    33.8500000  7444.3501373
    33.9000000  7455.5352540
    33.9500000  7466.6958458
    34.0000000  7477.8319125
    34.0500000  7488.9434543
    34.1000000  7500.0304710
    34.1500000  7511.0929628
    34.2000000  7522.1309295
    34.2500000  7533.1443713
    34.3000000  7544.1332880
    34.3500000  7555.0976798
    34.4000000  7566.0375465
    34.4500000  7576.9528883
    34.5000000  7587.8437050
    34.5500000  7598.7099968
    34.6000000  7609.5517635
    34.6500000  7620.3690053
    34.7000000  7631.1617220
    34.7500000  7641.9299138
    34.8000000  7652.6735805
    34.8500000  7663.3927223
    34.9000000  7674.0873390
    34.9500000  7684.7574308
    35.0000000  7695.4029975
    35.0500000  7706.0240393
    35.1000000  7716.6205560
    35.1500000  7727.1925478
    35.2000000  7737.7400145
    35.2500000  7748.2629563
    35.3000000  7758.7613730
    35.3500000  7769.2352648
    35.4000000  7779.6846315
    35.4500000  7790.1094733
    35.5000000  7800.5097900
    35.5500000  7810.8855818
    35.6000000  7821.2368485
    35.6500000  7831.5635903
    35.7000000  7841.8658070
    35.7500000  7852.1434988
    35.8000000  7862.3966655
    35.8500000  7872.6253073
    35.9000000  7882.8294240
    35.9500000  7893.0090158
    36.0000000  7903.1640825
    36.0500000  7913.2946243
    36.1000000  7923.4006410
    36.1500000  7933.4821328
    36.2000000  7943.5390995
    36.2500000  7953.5715413
    36.3000000  7963.5794580
    36.3500000  7973.5628498
    36.4000000  7983.5217165
    36.4500000  7993.4560583
    36.5000000  8003.3658750
    36.5500000  8013.2511668
    36.6000000  8023.1119335
    36.6500000  8032.9481753
    36.7000000  8042.7598920
    36.7500000  8052.5470838
    36.8000000  8062.3097505
    36.8500000  8072.0478923
    36.9000000  8081.7615090
    36.9500000  8091.4506008
    37.0000000  8101.1151675
    37.0500000  8110.7552093
    37.1000000  8120.3707260
    37.1500000  8129.9617178
    37.2000000  8139.5281845
    37.2500000  8149.0701263
    37.3000000  8158.5875430
    37.3500000  8168.0804348
    37.4000000  8177.5488015
    37.4500000  8186.9926433
    37.5000000  8196.4119600
    37.5500000  8205.8067518
    37.6000000  8215.1770185
    37.6500000  8224.5227602
    37.7000000  8233.8439770
    37.7500000  8243.1406688
    37.8000000  8252.4128355
    37.8500000  8261.6604772
    37.9000000  8270.8835940
    37.9500000  8280.0821857
    38.0000000  8289.2562525
    38.0500000  8298.4057942
    38.1000000  8307.5308110
    38.1500000  8316.6313027
    38.2000000  8325.7072695
    38.2500000  8334.7587112
    38.3000000  8343.7856280
    38.3500000  8352.7880197
    38.4000000  8361.7658865
    38.4500000  8370.7192282
    38.5000000  8379.6480450
    38.5500000  8388.5523367
    38.6000000  8397.4321035
    38.6500000  8406.2873452
    38.7000000  8415.1180620
    38.7500000  8423.9242537
    38.8000000  8432.7059205
    38.8500000  8441.4630622
    38.9000000  8450.1956790
    38.9500000  8458.9037707
    39.0000000  8467.5873375
    39.0500000  8476.2463792
    39.1000000  8484.8808960
    39.1500000  8493.4908877
    39.2000000  8502.0763545
    39.2500000  8510.6372962
    39.3000000  8519.1737130
    39.3500000  8527.6856047
    39.4000000  8536.1729715
    39.4500000  8544.6358132
    39.5000000  8553.0741300
    39.5500000  8561.4879217
    39.6000000  8569.8771885
    39.6500000  8578.2419302
    39.7000000  8586.5821470
    39.7500000  8594.8978387
    39.8000000  8603.1890055
    39.8500000  8611.4556472
    39.9000000  8619.6977640
    39.9500000  8627.9153557
    40.0000000  8636.1084225
    40.0500000  8644.2769642
    40.1000000  8652.4209810
    40.1500000  8660.5404727
    40.2000000  8668.6354395
    40.2500000  8676.7058812
    40.3000000  8684.7517980
    40.3500000  8692.7731897
    40.4000000  8700.7700565
    40.4500000  8708.7423982
    40.5000000  8716.6902150
    40.5500000  8724.6135067
    40.6000000  8732.5122735
    40.6500000  8740.3865152
    40.7000000  8748.2362320
    40.7500000  8756.0614237
    40.8000000  8763.8620905
    40.8500000  8771.6382322
    40.9000000  8779.3898490
    40.9500000  8787.1169407
    41.0000000  8794.8195075
    41.0500000  8802.4975492
    41.1000000  8810.1510660
    41.1500000  8817.7800577
    41.2000000  8825.3845245
    41.2500000  8832.9644662
    41.3000000  8840.5198830
    41.3500000  8848.0507747
    41.4000000  8855.5571415
    41.4500000  8863.0389832
    41.5000000  8870.4963000
    41.5500000  8877.9290917
    41.6000000  8885.3373585
    41.6500000  8892.7211002
    41.7000000  8900.0803170
    41.7500000  8907.4150087
    41.8000000  8914.7251755
    41.8500000  8922.0108172
    41.9000000  8929.2719340
    41.9500000  8936.5085257
    42.0000000  8943.7205925
    42.0500000  8950.9081342
    42.1000000  8958.0711510
    42.1500000  8965.2096427
    42.2000000  8972.3236095
    42.2500000  8979.4130512
    42.3000000  8986.4779680
    42.3500000  8993.5183597
    42.4000000  9000.5342265
    42.4500000  9007.5255682
    42.5000000  9014.4923850
    42.5500000  9021.4346767
    42.6000000  9028.3524435
    42.6500000  9035.2456852
    42.7000000  9042.1144020
    42.7500000  9048.9585937
    42.8000000  9055.7782605
    42.8500000  9062.5734022
    42.9000000  9069.3440190
    42.9500000  9076.0901107
    43.0000000  9082.8116775
    43.0500000  9089.5087192
    43.1000000  9096.1812360
    43.1500000  9102.8292277
    43.2000000  9109.4526945
    43.2500000  9116.0516362
    43.3000000  9122.6260530
    43.3500000  9129.1759447
    43.4000000  9135.7013115
    43.4500000  9142.2021532
    43.5000000  9148.6784700
    43.5500000  9155.1302617
    43.6000000  9161.5575285
    43.6500000  9167.9602702
    43.7000000  9174.3384870
    43.7500000  9180.6921787
    43.8000000  9187.0213455
    43.8500000  9193.3259872
    43.9000000  9199.6061040
    43.9500000  9205.8616957
    44.0000000  9212.0927625
    44.0500000  9218.2993042
    44.1000000  9224.4813210
    44.1500000  9230.6388127
    44.2000000  9236.7717795
    44.2500000  9242.8802212
    44.3000000  9248.9641380
    44.3500000  9255.0235297
    44.4000000  9261.0583965
    44.4500000  9267.0687382
    44.5000000  9273.0545550
    44.5500000  9279.0158467
    44.6000000  9284.9526135
    44.6500000  9290.8648552
    44.7000000  9296.7525720
    44.7500000  9302.6157637
    44.8000000  9308.4544305
    44.8500000  9314.2685722
    44.9000000  9320.0581890
    44.9500000  9325.8232807
    45.0000000  9331.5638475
    45.0500000  9337.2798892
    45.1000000  9342.9714060
    45.1500000  9348.6383977
    45.2000000  9354.2808645
    45.2500000  9359.8988062
    45.3000000  9365.4922230
    45.3500000  9371.0611147
    45.4000000  9376.6054815
    45.4500000  9382.1253232
    45.5000000  9387.6206400
    45.5500000  9393.0914317
    45.6000000  9398.5376985
    45.6500000  9403.9594402
    45.7000000  9409.3566570
    45.7500000  9414.7293487
    45.8000000  9420.0775155
    45.8500000  9425.4011572
    45.9000000  9430.7002740
    45.9500000  9435.9748657
    46.0000000  9441.2249325
    46.0500000  9446.4504742
    46.1000000  9451.6514910
    46.1500000  9456.8279827
    46.2000000  9461.9799495
    46.2500000  9467.1073912
    46.3000000  9472.2103080
    46.3500000  9477.2886997
    46.4000000  9482.3425665
    46.4500000  9487.3719082
    46.5000000  9492.3767250
    46.5500000  9497.3570167
    46.6000000  9502.3127835
    46.6500000  9507.2440252
    46.7000000  9512.1507420
    46.7500000  9517.0329337
    46.8000000  9521.8906005
    46.8500000  9526.7237422
    46.9000000  9531.5323590
    46.9500000  9536.3164507
    47.0000000  9541.0760175
    47.0500000  9545.8110592
    47.1000000  9550.5215760
    47.1500000  9555.2075677
    47.2000000  9559.8690345
    47.2500000  9564.5059762
    47.3000000  9569.1183930
    47.3500000  9573.7062847
    47.4000000  9578.2696515
    47.4500000  9582.8084932
    47.5000000  9587.3228100
    47.5500000  9591.8126017
    47.6000000  9596.2778685
    47.6500000  9600.7186102
    47.7000000  9605.1348270
    47.7500000  9609.5265187
    47.8000000  9613.8936855
    47.8500000  9618.2363272
    47.9000000  9622.5544440
    47.9500000  9626.8480357
    48.0000000  9631.1171025
    48.0500000  9635.3616442
    48.1000000  9639.5816610
    48.1500000  9643.7771527
    48.2000000  9647.9481195
    48.2500000  9652.0945612
    48.3000000  9656.2164780
    48.3500000  9660.3138697
    48.4000000  9664.3867365
    48.4500000  9668.4350782
    48.5000000  9672.4588950
    48.5500000  9676.4581867
    48.6000000  9680.4329535
    48.6500000  9684.3831952
    48.7000000  9688.3089120
    48.7500000  9692.2101037
    48.8000000  9696.0867705
    48.8500000  9699.9389122
    48.9000000  9703.7665290
    48.9500000  9707.5696207
    49.0000000  9711.3481875
    49.0500000  9715.1022292
    49.1000000  9718.8317460
    49.1500000  9722.5367377
    49.2000000  9726.2172045
    49.2500000  9729.8731462
    49.3000000  9733.5045630
    49.3500000  9737.1114547
    49.4000000  9740.6938215
    49.4500000  9744.2516632
    49.5000000  9747.7849800
    49.5500000  9751.2937717
    49.6000000  9754.7780385
    49.6500000  9758.2377802
    49.7000000  9761.6729970
    49.7500000  9765.0836887
    49.8000000  9768.4698555
    49.8500000  9771.8314972
    49.9000000  9775.1686140
    49.9500000  9778.4812057
    50.0000000  9781.7692725
    50.0500000  9785.0328142
    50.1000000  9788.2718310
    50.1500000  9791.4863227
    50.2000000  9794.6762895
    50.2500000  9797.8417312
    50.3000000  9800.9826480
    50.3500000  9804.0990397
    50.4000000  9807.1909065
    50.4500000  9810.2582482
    50.5000000  9813.3010650
    50.5500000  9816.3193567
    50.6000000  9819.3131235
    50.6500000  9822.2823652
    50.7000000  9825.2270820
    50.7500000  9828.1472737
    50.8000000  9831.0429405
    50.8500000  9833.9140822
    50.9000000  9836.7606990
    50.9500000  9839.5827907
    51.0000000  9842.3803575
    51.0500000  9845.1533992
    51.1000000  9847.9019160
    51.1500000  9850.6259077
    51.2000000  9853.3253745
    51.2500000  9856.0003162
    51.3000000  9858.6507330
    51.3500000  9861.2766247
    51.4000000  9863.8779915
    51.4500000  9866.4548332
    51.5000000  9869.0071500
    51.5500000  9871.5349417
    51.6000000  9874.0382085
    51.6500000  9876.5169502
    51.7000000  9878.9711670
    51.7500000  9881.4008587
    51.8000000  9883.8060255
    51.8500000  9886.1866672
    51.9000000  9888.5427840
    51.9500000  9890.8743757
    52.0000000  9893.1814425
    52.0500000  9895.4639842
    52.1000000  9897.7220010
    52.1500000  9899.9554927
    52.2000000  9902.1644595
    52.2500000  9904.3489012
    52.3000000  9906.5088180
    52.3500000  9908.6442097
    52.4000000  9910.7550765
    52.4500000  9912.8414182
    52.5000000  9914.9032350
    52.5500000  9916.9405267
    52.6000000  9918.9532935
    52.6500000  9920.9415352
    52.7000000  9922.9052520
    52.7500000  9924.8444437
    52.8000000  9926.7591105
    52.8500000  9928.6492522
    52.9000000  9930.5148690
    52.9500000  9932.3559607
    53.0000000  9934.1725275
    53.0500000  9935.9645692
    53.1000000  9937.7320860
    53.1500000  9939.4750777
    53.2000000  9941.1935445
    53.2500000  9942.8874862
    53.3000000  9944.5569030
    53.3500000  9946.2017947
    53.4000000  9947.8221615
    53.4500000  9949.4180032
    53.5000000  9950.9893200
    53.5500000  9952.5361117
    53.6000000  9954.0583785
    53.6500000  9955.5561202
    53.7000000  9957.0293370
    53.7500000  9958.4780287
    53.8000000  9959.9021955
    53.8500000  9961.3018372
    53.9000000  9962.6769540
    53.9500000  9964.0275457
    54.0000000  9965.3536125
    54.0500000  9966.6551542
    54.1000000  9967.9321710
    54.1500000  9969.1846627
    54.2000000  9970.4126295
    54.2500000  9971.6160712
    54.3000000  9972.7949880
    54.3500000  9973.9493797
    54.4000000  9975.0792465
    54.4500000  9976.1845882
    54.5000000  9977.2654050
    54.5500000  9978.3216967
    54.6000000  9979.3534635
    54.6500000  9980.3607052
    54.7000000  9981.3434220
    54.7500000  9982.3016137
    54.8000000  9983.2352805
    54.8500000  9984.1444222
    54.9000000  9985.0290390
    54.9500000  9985.8891307
    55.0000000  9986.7246975
    55.0500000  9987.5357392
    55.1000000  9988.3222560
    55.1500000  9989.0842477
    55.2000000  9989.8217145
    55.2500000  9990.5346562
    55.3000000  9991.2230730
    55.3500000  9991.8869647
    55.4000000  9992.5263315
    55.4500000  9993.1411732
    55.5000000  9993.7314900
    55.5500000  9994.2972817
    55.6000000  9994.8385485
    55.6500000  9995.3552902
    55.7000000  9995.8475070
    55.7500000  9996.3151987
    55.8000000  9996.7583655
    55.8500000  9997.1770072
    55.9000000  9997.5711240
    55.9500000  9997.9407157
    56.0000000  9998.2857825
    56.0500000  9998.6063242
    56.1000000  9998.9023410
    56.1500000  9999.1738327
    56.2000000  9999.4207995
    56.2500000  9999.6432412
    56.3000000  9999.8411580
    56.3500000 10000.0145497
    56.4000000 10000.1634165
    56.4500000 10000.2877582
    56.5000000 10000.3875750
    56.5500000 10000.4628667
    56.6000000 10000.5136335
    56.6500000 10000.5398752
    56.7000000 10000.5415920
    56.7500000 10000.5187837
    56.8000000 10000.4714505
    56.8500000 10000.3995922
    56.9000000 10000.3032090
    56.9500000 10000.1823008
    57.0000000 10000.0368675
    57.0500000  9999.8669093
    57.1000000  9999.6724260
    57.1500000  9999.4534178
    57.2000000  9999.2098845
    57.2500000  9998.9418263
    57.3000000  9998.6492430
    57.3500000  9998.3321348
    57.4000000  9997.9905015
    57.4500000  9997.6243433
    57.5000000  9997.2336600
    57.5500000  9996.8184518
    57.6000000  9996.3787185
    57.6500000  9995.9144603
    57.7000000  9995.4256770
    57.7500000  9994.9123688
    57.8000000  9994.3745355
    57.8500000  9993.8121773
    57.9000000  9993.2252940
    57.9500000  9992.6138858
    58.0000000  9991.9779525
    58.0500000  9991.3174943
    58.1000000  9990.6325110
    58.1500000  9989.9230028
    58.2000000  9989.1889695
    58.2500000  9988.4304113
    58.3000000  9987.6473280
    58.3500000  9986.8397198
    58.4000000  9986.0075865
    58.4500000  9985.1509283
    58.5000000  9984.2697450
    58.5500000  9983.3640368
    58.6000000  9982.4338035
    58.6500000  9981.4790453
    58.7000000  9980.4997620
    58.7500000  9979.4959538
    58.8000000  9978.4676205
    58.8500000  9977.4147623
    58.9000000  9976.3373790
    58.9500000  9975.2354708
    59.0000000  9974.1090375
    59.0500000  9972.9580793
    59.1000000  9971.7825960
    59.1500000  9970.5825878
    59.2000000  9969.3580545
    59.2500000  9968.1089963
    59.3000000  9966.8354130
    59.3500000  9965.5373048
    59.4000000  9964.2146715
    59.4500000  9962.8675133
    59.5000000  9961.4958300
    59.5500000  9960.0996218
    59.6000000  9958.6788885
    59.6500000  9957.2336303
    59.7000000  9955.7638470
    59.7500000  9954.2695388
    59.8000000  9952.7507055
    59.8500000  9951.2073473
    59.9000000  9949.6394640
    59.9500000  9948.0470558
    60.0000000  9946.4301225
    60.0500000  9944.7886643
    60.1000000  9943.1226810
    60.1500000  9941.4321728
    60.2000000  9939.7171395
    60.2500000  9937.9775813
    60.3000000  9936.2134980
    60.3500000  9934.4248898
    60.4000000  9932.6117565
    60.4500000  9930.7740983
    60.5000000  9928.9119150
    60.5500000  9927.0252068
    60.6000000  9925.1139735
    60.6500000  9923.1782153
    60.7000000  9921.2179320
    60.7500000  9919.2331238
    60.8000000  9917.2237905
    60.8500000  9915.1899323
    60.9000000  9913.1315490
    60.9500000  9911.0486408
    61.0000000  9908.9412075
    61.0500000  9906.8092493
    61.1000000  9904.6527660
    61.1500000  9902.4717578
    61.2000000  9900.2662245
    61.2500000  9898.0361663
    61.3000000  9895.7815830
    61.3500000  9893.5024748
    61.4000000  9891.1988415
    61.4500000  9888.8706833
    61.5000000  9886.5180000
    61.5500000  9884.1407918
    61.6000000  9881.7390585
    61.6500000  9879.3128003
    61.7000000  9876.8620170
    61.7500000  9874.3867088
    61.8000000  9871.8868755
    61.8500000  9869.3625173
    61.9000000  9866.8136340
    61.9500000  9864.2402258
    62.0000000  9861.6422925
    62.0500000  9859.0198343
    62.1000000  9856.3728510
    62.1500000  9853.7013428
    62.2000000  9851.0053095
    62.2500000  9848.2847513
    62.3000000  9845.5396680
    62.3500000  9842.7700598
    62.4000000  9839.9759265
    62.4500000  9837.1572683
    62.5000000  9834.3140850
    62.5500000  9831.4463768
    62.6000000  9828.5541435
    62.6500000  9825.6373853
    62.7000000  9822.6961020
    62.7500000  9819.7302938
    62.8000000  9816.7399605
    62.8500000  9813.7251023
    62.9000000  9810.6857190
    62.9500000  9807.6218108
    63.0000000  9804.5333775
    63.0500000  9801.4204193
    63.1000000  9798.2829360
    63.1500000  9795.1209278
    63.2000000  9791.9343945
    63.2500000  9788.7233363
    63.3000000  9785.4877530
    63.3500000  9782.2276448
    63.4000000  9778.9430115
    63.4500000  9775.6338533
    63.5000000  9772.3001700
    63.5500000  9768.9419618
    63.6000000  9765.5592285
    63.6500000  9762.1519703
    63.7000000  9758.7201870
    63.7500000  9755.2638788
    63.8000000  9751.7830455
    63.8500000  9748.2776873
    63.9000000  9744.7478040
    63.9500000  9741.1933958
    64.0000000  9737.6144625
    64.0500000  9734.0110043
    64.1000000  9730.3830210
    64.1500000  9726.7305128
    64.2000000  9723.0534795
    64.2500000  9719.3519213
    64.3000000  9715.6258380
    64.3500000  9711.8752298
    64.4000000  9708.1000965
    64.4500000  9704.3004383
    64.5000000  9700.4762550
    64.5500000  9696.6275468
    64.6000000  9692.7543135
    64.6500000  9688.8565553
    64.7000000  9684.9342720
    64.7500000  9680.9874638
    64.8000000  9677.0161305
    64.8500000  9673.0202723
    64.9000000  9668.9998890
    64.9500000  9664.9549808
    65.0000000  9660.8855475
    65.0500000  9656.7915893
    65.1000000  9652.6731060
    65.1500000  9648.5300978
    65.2000000  9644.3625645
    65.2500000  9640.1705063
    65.3000000  9635.9539230
    65.3500000  9631.7128148
    65.4000000  9627.4471815
    65.4500000  9623.1570233
    65.5000000  9618.8423400
    65.5500000  9614.5031318
    65.6000000  9610.1393985
    65.6500000  9605.7511403
    65.7000000  9601.3383570
    65.7500000  9596.9010488
    65.8000000  9592.4392155
    65.8500000  9587.9528573
    65.9000000  9583.4419740
    65.9500000  9578.9065658
    66.0000000  9574.3466325
    66.0500000  9569.7621743
    66.1000000  9565.1531910
    66.1500000  9560.5196828
    66.2000000  9555.8616495
    66.2500000  9551.1790913
    66.3000000  9546.4720080
    66.3500000  9541.7403998
    66.4000000  9536.9842665
    66.4500000  9532.2036083
    66.5000000  9527.3984250
    66.5500000  9522.5687168
    66.6000000  9517.7144835
    66.6500000  9512.8357253
    66.7000000  9507.9324420
    66.7500000  9503.0046338
    66.8000000  9498.0523005
    66.8500000  9493.0754423
    66.9000000  9488.0740590
    66.9500000  9483.0481508
    67.0000000  9477.9977175
    67.0500000  9472.9227593
    67.1000000  9467.8232760
    67.1500000  9462.6992678
    67.2000000  9457.5507345
    67.2500000  9452.3776763
    67.3000000  9447.1800930
    67.3500000  9441.9579848
    67.4000000  9436.7113515
    67.4500000  9431.4401933
    67.5000000  9426.1445100
    67.5500000  9420.8243018
    67.6000000  9415.4795685
    67.6500000  9410.1103103
    67.7000000  9404.7165270
    67.7500000  9399.2982188
    67.8000000  9393.8553855
    67.8500000  9388.3880273
    67.9000000  9382.8961440
    67.9500000  9377.3797358
    68.0000000  9371.8388025
    68.0500000  9366.2733443
    68.1000000  9360.6833610
    68.1500000  9355.0688528
    68.2000000  9349.4298195
    68.2500000  9343.7662613
    68.3000000  9338.0781780
    68.3500000  9332.3655698
    68.4000000  9326.6284365
    68.4500000  9320.8667783
    68.5000000  9315.0805950
    68.5500000  9309.2698868
    68.6000000  9303.4346535
    68.6500000  9297.5748953
    68.7000000  9291.6906120
    68.7500000  9285.7818038
    68.8000000  9279.8484705
    68.8500000  9273.8906123
    68.9000000  9267.9082290
    68.9500000  9261.9013208
    69.0000000  9255.8698875
    69.0500000  9249.8139293
    69.1000000  9243.7334460
    69.1500000  9237.6284378
    69.2000000  9231.4989045
    69.2500000  9225.3448463
    69.3000000  9219.1662630
    69.3500000  9212.9631548
    69.4000000  9206.7355215
    69.4500000  9200.4833633
    69.5000000  9194.2066800
    69.5500000  9187.9054718
    69.6000000  9181.5797385
    69.6500000  9175.2294803
    69.7000000  9168.8546970
    69.7500000  9162.4553888
    69.8000000  9156.0315555
    69.8500000  9149.5831973
    69.9000000  9143.1103140
    69.9500000  9136.6129058
    70.0000000  9130.0909725
    70.0500000  9123.5445143
    70.1000000  9116.9735310
    70.1500000  9110.3780228
    70.2000000  9103.7579895
    70.2500000  9097.1134313
    70.3000000  9090.4443480
    70.3500000  9083.7507398
    70.4000000  9077.0326065
    70.4500000  9070.2899483
    70.5000000  9063.5227650
    70.5500000  9056.7310568
    70.6000000  9049.9148235
    70.6500000  9043.0740653
    70.7000000  9036.2087820
    70.7500000  9029.3189738
    70.8000000  9022.4046405
    70.8500000  9015.4657823
    70.9000000  9008.5023990
    70.9500000  9001.5144908
    71.0000000  8994.5020575
    71.0500000  8987.4650993
    71.1000000  8980.4036160
    71.1500000  8973.3176078
    71.2000000  8966.2070745
    71.2500000  8959.0720163
    71.3000000  8951.9124330
    71.3500000  8944.7283248
    71.4000000  8937.5196915
    71.4500000  8930.2865333
    71.5000000  8923.0288500
    71.5500000  8915.7466418
    71.6000000  8908.4399085
    71.6500000  8901.1086503
    71.7000000  8893.7528670
    71.7500000  8886.3725588
    71.8000000  8878.9677255
    71.8500000  8871.5383673
    71.9000000  8864.0844840
    71.9500000  8856.6060758
    72.0000000  8849.1031425
    72.0500000  8841.5756843
    72.1000000  8834.0237010
    72.1500000  8826.4471928
    72.2000000  8818.8461595
    72.2500000  8811.2206013
    72.3000000  8803.5705180
    72.3500000  8795.8959098
    72.4000000  8788.1967765
    72.4500000  8780.4731183
    72.5000000  8772.7249350
    72.5500000  8764.9522268
    72.6000000  8757.1549935
    72.6500000  8749.3332353
    72.7000000  8741.4869520
    72.7500000  8733.6161438
    72.8000000  8725.7208105
    72.8500000  8717.8009523
    72.9000000  8709.8565690
    72.9500000  8701.8876608
    73.0000000  8693.8942275
    73.0500000  8685.8762693
    73.1000000  8677.8337860
    73.1500000  8669.7667778
    73.2000000  8661.6752445
    73.2500000  8653.5591863
    73.3000000  8645.4186030
    73.3500000  8637.2534948
    73.4000000  8629.0638615
    73.4500000  8620.8497033
    73.5000000  8612.6110200
    73.5500000  8604.3478118
    73.6000000  8596.0600785
    73.6500000  8587.7478203
    73.7000000  8579.4110370
    73.7500000  8571.0497288
    73.8000000  8562.6638955
    73.8500000  8554.2535373
    73.9000000  8545.8186540
    73.9500000  8537.3592458
    74.0000000  8528.8753125
    74.0500000  8520.3668543
    74.1000000  8511.8338710
    74.1500000  8503.2763628
    74.2000000  8494.6943295
    74.2500000  8486.0877713
    74.3000000  8477.4566880
    74.3500000  8468.8010798
    74.4000000  8460.1209465
    74.4500000  8451.4162883
    74.5000000  8442.6871050
    74.5500000  8433.9333968
    74.6000000  8425.1551635
    74.6500000  8416.3524053
    74.7000000  8407.5251220
    74.7500000  8398.6733138
    74.8000000  8389.7969805
    74.8500000  8380.8961223
    74.9000000  8371.9707390
    74.9500000  8363.0208308
    75.0000000  8354.0463975
    75.0500000  8345.0474393
    75.1000000  8336.0239560
    75.1500000  8326.9759478
    75.2000000  8317.9034145
    75.2500000  8308.8063563
    75.3000000  8299.6847730
    75.3500000  8290.5386648
    75.4000000  8281.3680315
    75.4500000  8272.1728733
    75.5000000  8262.9531900
    75.5500000  8253.7089818
    75.6000000  8244.4402485
    75.6500000  8235.1469903
    75.7000000  8225.8292070
    75.7500000  8216.4868988
    75.8000000  8207.1200655
    75.8500000  8197.7287073
    75.9000000  8188.3128240
    75.9500000  8178.8724158
    76.0000000  8169.4074825
    76.0500000  8159.9180243
    76.1000000  8150.4040410
    76.1500000  8140.8655328
    76.2000000  8131.3024995
    76.2500000  8121.7149413
    76.3000000  8112.1028580
    76.3500000  8102.4662498
    76.4000000  8092.8051165
    76.4500000  8083.1194583
    76.5000000  8073.4092750
    76.5500000  8063.6745668
    76.6000000  8053.9153335
    76.6500000  8044.1315753
    76.7000000  8034.3232920
    76.7500000  8024.4904838
    76.8000000  8014.6331505
    76.8500000  8004.7512923
    76.9000000  7994.8449090
    76.9500000  7984.9140008
    77.0000000  7974.9585675
    77.0500000  7964.9786093
    77.1000000  7954.9741260
    77.1500000  7944.9451178
    77.2000000  7934.8915845
    77.2500000  7924.8135263
    77.3000000  7914.7109430
    77.3500000  7904.5838348
    77.4000000  7894.4322015
    77.4500000  7884.2560433
    77.5000000  7874.0553600
    77.5500000  7863.8301518
    77.6000000  7853.5804185
    77.6500000  7843.3061603
    77.7000000  7833.0073770
    77.7500000  7822.6840688
    77.8000000  7812.3362355
    77.8500000  7801.9638773
    77.9000000  7791.5669940
    77.9500000  7781.1455858
    78.0000000  7770.6996525
    78.0500000  7760.2291943
    78.1000000  7749.7342110
    78.1500000  7739.2147028
    78.2000000  7728.6706695
    78.2500000  7718.1021113
    78.3000000  7707.5090280
    78.3500000  7696.8914198
    78.4000000  7686.2492865
    78.4500000  7675.5826283
    78.5000000  7664.8914450
    78.5500000  7654.1757368
    78.6000000  7643.4355035
    78.6500000  7632.6707453
    78.7000000  7621.8814620
    78.7500000  7611.0676538
    78.8000000  7600.2293205
    78.8500000  7589.3664623
    78.9000000  7578.4790790
    78.9500000  7567.5671708
    79.0000000  7556.6307375
    79.0500000  7545.6697793
    79.1000000  7534.6842960
    79.1500000  7523.6742878
    79.2000000  7512.6397545
    79.2500000  7501.5806963
    79.3000000  7490.4971130
    79.3500000  7479.3890048
    79.4000000  7468.2563715
    79.4500000  7457.0992133
    79.5000000  7445.9175300
    79.5500000  7434.7113218
    79.6000000  7423.4805885
    79.6500000  7412.2253303
    79.7000000  7400.9455470
    79.7500000  7389.6412388
    79.8000000  7378.3124055
    79.8500000  7366.9590473
    79.9000000  7355.5811640
    79.9500000  7344.1787558
    80.0000000  7332.7518225
    80.0500000  7321.3003643
    80.1000000  7309.8243810
    80.1500000  7298.3238728
    80.2000000  7286.7988395
    80.2500000  7275.2492813
    80.3000000  7263.6751980
    80.3500000  7252.0765898
    80.4000000  7240.4534565
    80.4500000  7228.8057983
    80.5000000  7217.1336150
    80.5500000  7205.4369068
    80.6000000  7193.7156735
    80.6500000  7181.9699153
    80.7000000  7170.1996320
    80.7500000  7158.4048238
    80.8000000  7146.5854905
    80.8500000  7134.7416323
    80.9000000  7122.8732490
    80.9500000  7110.9803408
    81.0000000  7099.0629075
    81.0500000  7087.1209493
    81.1000000  7075.1544660
    81.1500000  7063.1634578
    81.2000000  7051.1479245
    81.2500000  7039.1078663
    81.3000000  7027.0432830
    81.3500000  7014.9541748
    81.4000000  7002.8405415
    81.4500000  6990.7023833
    81.5000000  6978.5397000
    81.5500000  6966.3524918
    81.6000000  6954.1407585
    81.6500000  6941.9045003
    81.7000000  6929.6437170
    81.7500000  6917.3584088
    81.8000000  6905.0485755
    81.8500000  6892.7142173
    81.9000000  6880.3553340
    81.9500000  6867.9719258
    82.0000000  6855.5639925
    82.0500000  6843.1315343
    82.1000000  6830.6745510
    82.1500000  6818.1930428
    82.2000000  6805.6870095
    82.2500000  6793.1564513
    82.3000000  6780.6013680
    82.3500000  6768.0217598
    82.4000000  6755.4176265
    82.4500000  6742.7889683
    82.5000000  6730.1357850
    82.5500000  6717.4580768
    82.6000000  6704.7558435
    82.6500000  6692.0290853
    82.7000000  6679.2778020
    82.7500000  6666.5019938
    82.8000000  6653.7016605
    82.8500000  6640.8768023
    82.9000000  6628.0274190
    82.9500000  6615.1535108
    83.0000000  6602.2550775
    83.0500000  6589.3321193
    83.1000000  6576.3846360
    83.1500000  6563.4126278
    83.2000000  6550.4160945
    83.2500000  6537.3950363
    83.3000000  6524.3494530
    83.3500000  6511.2793448
    83.4000000  6498.1847115
    83.4500000  6485.0655533
    83.5000000  6471.9218700
    83.5500000  6458.7536618
    83.6000000  6445.5609285
    83.6500000  6432.3436703
    83.7000000  6419.1018870
    83.7500000  6405.8355788
    83.8000000  6392.5447455
    83.8500000  6379.2293873
    83.9000000  6365.8895040
    83.9500000  6352.5250958
    84.0000000  6339.1361625
    84.0500000  6325.7227043
    84.1000000  6312.2847210
    84.1500000  6298.8222128
    84.2000000  6285.3351795
    84.2500000  6271.8236213
    84.3000000  6258.2875380
    84.3500000  6244.7269298
    84.4000000  6231.1417965
    84.4500000  6217.5321383
    84.5000000  6203.8979550
    84.5500000  6190.2392468
    84.6000000  6176.5560135
    84.6500000  6162.8482553
    84.7000000  6149.1159720
    84.7500000  6135.3591638
    84.8000000  6121.5778305
    84.8500000  6107.7719723
    84.9000000  6093.9415890
    84.9500000  6080.0866808
    85.0000000  6066.2072475
    85.0500000  6052.3032893
    85.1000000  6038.3748060
    85.1500000  6024.4217978
    85.2000000  6010.4442645
    85.2500000  5996.4422063
    85.3000000  5982.4156230
    85.3500000  5968.3645148
    85.4000000  5954.2888815
    85.4500000  5940.1887233
    85.5000000  5926.0640400
    85.5500000  5911.9148318
    85.6000000  5897.7410985
    85.6500000  5883.5428403
    85.7000000  5869.3200570
    85.7500000  5855.0727488
    85.8000000  5840.8009155
    85.8500000  5826.5045573
    85.9000000  5812.1836740
    85.9500000  5797.8382658
    86.0000000  5783.4683325
    86.0500000  5769.0738743
    86.1000000  5754.6548910
    86.1500000  5740.2113828
    86.2000000  5725.7433495
    86.2500000  5711.2507913
    86.3000000  5696.7337080
    86.3500000  5682.1920998
    86.4000000  5667.6259665
    86.4500000  5653.0353083
    86.5000000  5638.4201250
    86.5500000  5623.7804168
    86.6000000  5609.1161835
    86.6500000  5594.4274253
    86.7000000  5579.7141420
    86.7500000  5564.9763338
    86.8000000  5550.2140005
    86.8500000  5535.4271423
    86.9000000  5520.6157590
    86.9500000  5505.7798508
    87.0000000  5490.9194175
    87.0500000  5476.0344593
    87.1000000  5461.1249760
    87.1500000  5446.1909678
    87.2000000  5431.2324345
    87.2500000  5416.2493763
    87.3000000  5401.2417930
    87.3500000  5386.2096848
    87.4000000  5371.1530515
    87.4500000  5356.0718933
    87.5000000  5340.9662100
    87.5500000  5325.8360018
    87.6000000  5310.6812685
    87.6500000  5295.5020103
    87.7000000  5280.2982270
    87.7500000  5265.0699188
    87.8000000  5249.8170855
    87.8500000  5234.5397273
    87.9000000  5219.2378440
    87.9500000  5203.9114358
    88.0000000  5188.5605025
    88.0500000  5173.1850443
    88.1000000  5157.7850610
    88.1500000  5142.3605528
    88.2000000  5126.9115195
    88.2500000  5111.4379613
    88.3000000  5095.9398780
    88.3500000  5080.4172698
    88.4000000  5064.8701365
    88.4500000  5049.2984783
    88.5000000  5033.7022950
    88.5500000  5018.0815868
    88.6000000  5002.4363535
    88.6500000  4986.7665953
    88.7000000  4971.0723120
    88.7500000  4955.3535038
    88.8000000  4939.6101705
    88.8500000  4923.8423123
    88.9000000  4908.0499290
    88.9500000  4892.2330208
    89.0000000  4876.3915875
    89.0500000  4860.5256293
    89.1000000  4844.6351460
    89.1500000  4828.7201378
    89.2000000  4812.7806045
    89.2500000  4796.8165463
    89.3000000  4780.8279630
    89.3500000  4764.8148548
    89.4000000  4748.7772215
    89.4500000  4732.7150633
    89.5000000  4716.6283800
    89.5500000  4700.5171718
    89.6000000  4684.3814385
    89.6500000  4668.2211803
    89.7000000  4652.0363970
    89.7500000  4635.8270888
    89.8000000  4619.5932555
    89.8500000  4603.3348973
    89.9000000  4587.0520140
    89.9500000  4570.7446058
    90.0000000  4554.4126725
    90.0500000  4538.0562143
    90.1000000  4521.6752310
    90.1500000  4505.2697228
    90.2000000  4488.8396895
    90.2500000  4472.3851313
    90.3000000  4455.9060480
    90.3500000  4439.4024398
    90.4000000  4422.8743065
    90.4500000  4406.3216483
    90.5000000  4389.7444650
    90.5500000  4373.1427568
    90.6000000  4356.5165235
    90.6500000  4339.8657653
    90.7000000  4323.1904820
    90.7500000  4306.4906738
    90.8000000  4289.7663405
    90.8500000  4273.0174823
    90.9000000  4256.2440990
    90.9500000  4239.4461908
    91.0000000  4222.6237575
    91.0500000  4205.7767993
    91.1000000  4188.9053160
    91.1500000  4172.0093078
    91.2000000  4155.0887745
    91.2500000  4138.1437163
    91.3000000  4121.1741330
    91.3500000  4104.1800248
    91.4000000  4087.1613915
    91.4500000  4070.1182333
    91.5000000  4053.0505500
    91.5500000  4035.9583418
    91.6000000  4018.8416085
    91.6500000  4001.7003503
    91.7000000  3984.5345670
    91.7500000  3967.3442588
    91.8000000  3950.1294255
    91.8500000  3932.8900673
    91.9000000  3915.6261840
    91.9500000  3898.3377758
    92.0000000  3881.0248425
    92.0500000  3863.6873843
    92.1000000  3846.3254010
    92.1500000  3828.9388928
    92.2000000  3811.5278595
    92.2500000  3794.0923013
    92.3000000  3776.6322180
    92.3500000  3759.1476098
    92.4000000  3741.6384765
    92.4500000  3724.1048183
    92.5000000  3706.5466350
    92.5500000  3688.9639268
    92.6000000  3671.3566935
    92.6500000  3653.7249353
    92.7000000  3636.0686520
    92.7500000  3618.3878438
    92.8000000  3600.6825105
    92.8500000  3582.9526523
    92.9000000  3565.1982690
    92.9500000  3547.4193608
    93.0000000  3529.6159275
    93.0500000  3511.7879693
    93.1000000  3493.9354860
    93.1500000  3476.0584778
    93.2000000  3458.1569445
    93.2500000  3440.2308863
    93.3000000  3422.2803030
    93.3500000  3404.3051948
    93.4000000  3386.3055615
    93.4500000  3368.2814033
    93.5000000  3350.2327200
    93.5500000  3332.1595118
    93.6000000  3314.0617785
    93.6500000  3295.9395203
    93.7000000  3277.7927370
    93.7500000  3259.6214288
    93.8000000  3241.4255955
    93.8500000  3223.2052373
    93.9000000  3204.9603540
    93.9500000  3186.6909458
    94.0000000  3168.3970125
    94.0500000  3150.0785543
    94.1000000  3131.7355710
    94.1500000  3113.3680628
    94.2000000  3094.9760295
    94.2500000  3076.5594713
    94.3000000  3058.1183880
    94.3500000  3039.6527798
    94.4000000  3021.1626465
    94.4500000  3002.6479883
    94.5000000  2984.1088050
    94.5500000  2965.5450968
    94.6000000  2946.9568635
    94.6500000  2928.3441053
    94.7000000  2909.7068220
    94.7500000  2891.0450138
    94.8000000  2872.3586805
    94.8500000  2853.6478223
    94.9000000  2834.9124390
    94.9500000  2816.1525308
    95.0000000  2797.3680975
    95.0500000  2778.5591393
    95.1000000  2759.7256560
    95.1500000  2740.8676478
    95.2000000  2721.9851145
    95.2500000  2703.0780563
    95.3000000  2684.1464730
    95.3500000  2665.1903648
    95.4000000  2646.2097315
    95.4500000  2627.2045733
    95.5000000  2608.1748900
    95.5500000  2589.1206818
    95.6000000  2570.0419485
    95.6500000  2550.9386903
    95.7000000  2531.8109070
    95.7500000  2512.6585988
    95.8000000  2493.4817655
    95.8500000  2474.2804073
    95.9000000  2455.0545240
    95.9500000  2435.8041158
    96.0000000  2416.5291825
    96.0500000  2397.2297243
    96.1000000  2377.9057410
    96.1500000  2358.5572328
    96.2000000  2339.1841995
    96.2500000  2319.7866413
    96.3000000  2300.3645580
    96.3500000  2280.9179498
    96.4000000  2261.4468165
    96.4500000  2241.9511583
    96.5000000  2222.4309750
    96.5500000  2202.8862668
    96.6000000  2183.3170335
    96.6500000  2163.7232753
    96.7000000  2144.1049920
    96.7500000  2124.4621838
    96.8000000  2104.7948505
    96.8500000  2085.1029923
    96.9000000  2065.3866090
    96.9500000  2045.6457008
    97.0000000  2025.8802675
    97.0500000  2006.0903093
    97.1000000  1986.2758260
    97.1500000  1966.4368178
    97.2000000  1946.5732845
    97.2500000  1926.6852263
    97.3000000  1906.7726430
    97.3500000  1886.8355348
    97.4000000  1866.8739015
    97.4500000  1846.8877433
    97.5000000  1826.8770600
    97.5500000  1806.8418518
    97.6000000  1786.7821185
    97.6500000  1766.6978603
    97.7000000  1746.5890770
    97.7500000  1726.4557688
    97.8000000  1706.2979355
    97.8500000  1686.1155773
    97.9000000  1665.9086940
    97.9500000  1645.6772858
    98.0000000  1625.4213525
    98.0500000  1605.1408943
    98.1000000  1584.8359110
    98.1500000  1564.5064028
    98.2000000  1544.1523695
    98.2500000  1523.7738113
    98.3000000  1503.3707280
    98.3500000  1482.9431198
    98.4000000  1462.4909865
    98.4500000  1442.0143283
    98.5000000  1421.5131450
    98.5500000  1400.9874368
    98.6000000  1380.4372035
    98.6500000  1359.8624453
    98.7000000  1339.2631620
    98.7500000  1318.6393538
    98.8000000  1297.9910205
    98.8500000  1277.3181623
    98.9000000  1256.6207790
    98.9500000  1235.8988708
    99.0000000  1215.1524375
    99.0500000  1194.3814793
    99.1000000  1173.5859960
    99.1500000  1152.7659878
    99.2000000  1131.9214545
    99.2500000  1111.0523963
    99.3000000  1090.1588130
    99.3500000  1069.2407048
    99.4000000  1048.2980715
    99.4500000  1027.3309133
    99.5000000  1006.3392300
    99.5500000   985.3230218
    99.6000000   964.2822885
    99.6500000   943.2170303
    99.7000000   922.1272470
    99.7500000   901.0129388
    99.8000000   879.8741055
    99.8500000   858.7107473
    99.9000000   837.5228640
    99.9500000   816.3104558
   100.0000000   795.0735225
   100.0500000   773.8120643
   100.1000000   752.5260810
   100.1500000   731.2155728
   100.2000000   709.8805395
   100.2500000   688.5209813
   100.3000000   667.1368980
   100.3500000   645.7282898
   100.4000000   624.2951565
   100.4500000   602.8374983
   100.5000000   581.3553150
   100.5500000   559.8486068
   100.6000000   538.3173735
   100.6500000   516.7616153
   100.7000000   495.1813320
   100.7500000   473.5765238
   100.8000000   451.9471905
   100.8500000   430.2933323
   100.9000000   408.6149490
   100.9500000   386.9120408
   101.0000000   365.1846075
   101.0500000   343.4326493
   101.1000000   321.6561660
   101.1500000   299.8551578
   101.2000000   278.0296245
   101.2500000   256.1795663
   101.3000000   234.3049830
   101.3500000   212.4058748
   101.4000000   190.4822415
   101.4500000   168.5340833
   101.5000000   146.5614000
   101.5500000   124.5641918
   101.6000000   102.5424585
   101.6500000    80.4962003
   101.7000000    58.4254170
   101.7500000    50.0000000
   101.8000000    50.0000000
   101.8500000    50.0000000
   101.9000000    50.0000000
   101.9500000    50.0000000
   102.0000000    50.0000000
   102.0500000    50.0000000
   102.1000000    50.0000000
   102.1500000    50.0000000
   102.2000000    50.0000000
   102.2500000    50.0000000
   102.3000000    50.0000000
   102.3500000    50.0000000
   102.4000000    50.0000000
   102.4500000    50.0000000
   102.5000000    50.0000000
   102.5500000    50.0000000
   102.6000000    50.0000000
   102.6500000    50.0000000
   102.7000000    50.0000000
   102.7500000    50.0000000
   102.8000000    50.0000000
   102.8500000    50.0000000
   102.9000000    50.0000000
   102.9500000    50.0000000
   103.0000000    50.0000000
   103.0500000    50.0000000
   103.1000000    50.0000000
   103.1500000    50.0000000
   103.2000000    50.0000000
   103.2500000    50.0000000
   103.3000000    50.0000000
   103.3500000    50.0000000
   103.4000000    50.0000000
   103.4500000    50.0000000
   103.5000000    50.0000000
   103.5500000    50.0000000
   103.6000000    50.0000000
   103.6500000    50.0000000
   103.7000000    50.0000000
   103.7500000    50.0000000
   103.8000000    50.0000000
   103.8500000    50.0000000
   103.9000000    50.0000000
   103.9500000    50.0000000
   104.0000000    50.0000000
   104.0500000    50.0000000
   104.1000000    50.0000000
   104.1500000    50.0000000
   104.2000000    50.0000000
   104.2500000    50.0000000
   104.3000000    50.0000000
   104.3500000    50.0000000
   104.4000000    50.0000000
   104.4500000    50.0000000
   104.5000000    50.0000000
   104.5500000    50.0000000
   104.6000000    50.0000000
   104.6500000    50.0000000
   104.7000000    50.0000000
   104.7500000    50.0000000
   104.8000000    50.0000000
   104.8500000    50.0000000
   104.9000000    50.0000000
   104.9500000    50.0000000
   105.0000000    50.0000000
   105.0500000    50.0000000
   105.1000000    50.0000000
   105.1500000    50.0000000
   105.2000000    50.0000000
   105.2500000    50.0000000
   105.3000000    50.0000000
   105.3500000    50.0000000
   105.4000000    50.0000000
   105.4500000    50.0000000
   105.5000000    50.0000000
   105.5500000    50.0000000
   105.6000000    50.0000000
   105.6500000    50.0000000
   105.7000000    50.0000000
   105.7500000    50.0000000
   105.8000000    50.0000000
   105.8500000    50.0000000
   105.9000000    50.0000000
   105.9500000    50.0000000
   106.0000000    50.0000000
   106.0500000    50.0000000
   106.1000000    50.0000000
   106.1500000    50.0000000
   106.2000000    50.0000000
   106.2500000    50.0000000
   106.3000000    50.0000000
   106.3500000    50.0000000
   106.4000000    50.0000000
   106.4500000    50.0000000
   106.5000000    50.0000000
   106.5500000    50.0000000
   106.6000000    50.0000000
   106.6500000    50.0000000
   106.7000000    50.0000000
   106.7500000    50.0000000
   106.8000000    50.0000000
   106.8500000    50.0000000
   106.9000000    50.0000000
   106.9500000    50.0000000
   107.0000000    50.0000000
   107.0500000    50.0000000
   107.1000000    50.0000000
   107.1500000    50.0000000
   107.2000000    50.0000000
   107.2500000    50.0000000
   107.3000000    50.0000000
   107.3500000    50.0000000
   107.4000000    50.0000000
   107.4500000    50.0000000
   107.5000000    50.0000000
   107.5500000    50.0000000
   107.6000000    50.0000000
   107.6500000    50.0000000
   107.7000000    50.0000000
   107.7500000    50.0000000
   107.8000000    50.0000000
   107.8500000    50.0000000
   107.9000000    50.0000000
   107.9500000    50.0000000
   108.0000000    50.0000000
   108.0500000    50.0000000
   108.1000000    50.0000000
   108.1500000    50.0000000
   108.2000000    50.0000000
   108.2500000    50.0000000
   108.3000000    50.0000000
   108.3500000    50.0000000
   108.4000000    50.0000000
   108.4500000    50.0000000
   108.5000000    50.0000000
   108.5500000    50.0000000
   108.6000000    50.0000000
   108.6500000    50.0000000
   108.7000000    50.0000000
   108.7500000    50.0000000
   108.8000000    50.0000000
   108.8500000    50.0000000
   108.9000000    50.0000000
   108.9500000    50.0000000
   109.0000000    50.0000000
   109.0500000    50.0000000
   109.1000000    50.0000000
   109.1500000    50.0000000
   109.2000000    50.0000000
   109.2500000    50.0000000
   109.3000000    50.0000000
   109.3500000    50.0000000
   109.4000000    50.0000000
   109.4500000    50.0000000
   109.5000000    50.0000000
   109.5500000    50.0000000
   109.6000000    50.0000000
   109.6500000    50.0000000
   109.7000000    50.0000000
   109.7500000    50.0000000
   109.8000000    50.0000000
   109.8500000    50.0000000
   109.9000000    50.0000000
   109.9500000    50.0000000
   110.0000000    50.0000000
   110.0500000    50.0000000
   110.1000000    50.0000000
   110.1500000    50.0000000
   110.2000000    50.0000000
   110.2500000    50.0000000
   110.3000000    50.0000000
   110.3500000    50.0000000
   110.4000000    50.0000000
   110.4500000    50.0000000
   110.5000000    50.0000000
   110.5500000    50.0000000
   110.6000000    50.0000000
   110.6500000    50.0000000
   110.7000000    50.0000000
   110.7500000    50.0000000
   110.8000000    50.0000000
   110.8500000    50.0000000
   110.9000000    50.0000000
   110.9500000    50.0000000
   111.0000000    50.0000000
   111.0500000    50.0000000
   111.1000000    50.0000000
   111.1500000    50.0000000
   111.2000000    50.0000000
   111.2500000    50.0000000
   111.3000000    50.0000000
   111.3500000    50.0000000
   111.4000000    50.0000000
   111.4500000    50.0000000
   111.5000000    50.0000000
   111.5500000    50.0000000
   111.6000000    50.0000000
   111.6500000    50.0000000
   111.7000000    50.0000000
