     0.0000000     0.0000000
     0.0500000     0.0000000
     0.1000000     0.0000000
     0.1500000     0.0000000
     0.2000000     0.0000000
     0.2500000     0.0000000
     0.3000000     0.0000000
     0.3500000     0.0000000
     0.4000000     0.0000000
     0.4500000     0.0000000
     0.5000000     0.0000000
     0.5500000     0.0000000
     0.6000000     0.0000000
     0.6500000     0.0000000
     0.7000000     0.0000000
     0.7500000     0.0000000
     0.8000000     0.0000000
     0.8500000     0.0000000
     0.9000000     0.0000000
     0.9500000     0.0000000
     1.0000000     0.0000000
     1.0500000     0.0000000
     1.1000000     0.0000000
     1.1500000     0.0000000
     1.2000000     0.0000000
     1.2500000     0.0000000
     1.3000000     0.0000000
     1.3500000     0.0000000
     1.4000000     0.0000000
     1.4500000     0.0000000
     1.5000000     0.0000000
     1.5500000     0.0000000
     1.6000000     0.0000000
     1.6500000     0.0000000
     1.7000000     0.0000000
     1.7500000     0.0000000
     1.8000000     0.0000000
     1.8500000     0.0000000
     1.9000000     0.0000000
     1.9500000     0.0000000
     2.0000000     0.0000000
     2.0500000     0.0000000
     2.1000000     0.0000000
     2.1500000     0.0000000
     2.2000000     0.0000000
     2.2500000     0.0000000
     2.3000000     0.0000000
     2.3500000     0.0000000
     2.4000000     0.0000000
     2.4500000     0.0000000
     2.5000000     0.0000000
     2.5500000     0.0000000
     2.6000000     0.0000000
     2.6500000     0.0000000
     2.7000000     0.0000000
     2.7500000     0.0000000
     2.8000000     0.0000000
     2.8500000     0.0000000
     2.9000000     0.0000000
     2.9500000     0.0000000
     3.0000000     0.0000000
     3.0500000     0.0000000
     3.1000000     0.0000000
     3.1500000     0.0000000
     3.2000000     0.0000000
     3.2500000     0.0000000
     3.3000000     0.0000000
     3.3500000     0.0000000
     3.4000000     0.0000000
     3.4500000     0.0000000
     3.5000000     0.0000000
     3.5500000     0.0000000
     3.6000000     0.0000000
     3.6500000     0.0000000
     3.7000000     0.0000000
     3.7500000     0.0000000
     3.8000000     0.0000000
     3.8500000     0.0000000
     3.9000000     0.0000000
     3.9500000     0.0000000
     4.0000000     0.0000000
     4.0500000     0.0000000
     4.1000000     0.0000000
     4.1500000     0.0000000
     4.2000000     0.0000000
     4.2500000     0.0000000
     4.3000000     0.0000000
     4.3500000     0.0000000
     4.4000000     0.0000000
     4.4500000     0.0000000
     4.5000000     0.0000000
     4.5500000     0.0000000
     4.6000000     0.0000000
     4.6500000     0.0000000
     4.7000000     0.0000000
     4.7500000     0.0000000
     4.8000000     0.0000000
     4.8500000     0.0000000
     4.9000000     0.0000000
     4.9500000     0.0000000
     5.0000000     0.0000000
     5.0500000     0.0000000
     5.1000000     0.0000000
     5.1500000     0.0000000
     5.2000000     0.0000000
     5.2500000     0.0000000
     5.3000000     0.0000000
     5.3500000     0.0000000
     5.4000000     0.0000000
     5.4500000     0.0000000
     5.5000000     0.0000000
     5.5500000     0.0000000
     5.6000000     0.0000000
     5.6500000     0.0000000
     5.7000000     0.0000000
     5.7500000     0.0000000
     5.8000000     0.0000000
     5.8500000     0.0000000
     5.9000000     0.0000000
     5.9500000     0.0000000
     6.0000000     0.0000000
     6.0500000     0.0000000
     6.1000000     0.0000000
     6.1500000     0.0000000
     6.2000000     0.0000000
     6.2500000     0.0000000
     6.3000000     0.0000000
     6.3500000     0.0000000
     6.4000000     0.0000000
     6.4500000     0.0000000
     6.5000000     0.0000000
     6.5500000     0.0000000
     6.6000000     0.0000000
     6.6500000     0.0000000
     6.7000000     0.0000000
     6.7500000     0.0000000
     6.8000000     0.0000000
     6.8500000     0.0000000
     6.9000000     0.0000000
     6.9500000     0.0000000
     7.0000000     0.0000000
     7.0500000     0.0000000
     7.1000000     0.0000000
     7.1500000     0.0000000
     7.2000000     0.0000000
     7.2500000     0.0000000
     7.3000000     0.0000000
     7.3500000     0.0000000
     7.4000000     0.0000000
     7.4500000     0.0000000
     7.5000000     0.0000000
     7.5500000     0.0000000
     7.6000000     0.0000000
     7.6500000     0.0000000
     7.7000000     0.0000000
     7.7500000     0.0000000
     7.8000000     0.0000000
     7.8500000     0.0000000
     7.9000000     0.0000000
     7.9500000     0.0000000
     8.0000000     0.0000000
     8.0500000     0.0000000
     8.1000000     0.0000000
     8.1500000     0.0000000
     8.2000000     0.0000000
     8.2500000     0.0000000
     8.3000000     0.0000000
     8.3500000     0.0000000
     8.4000000     0.0000000
     8.4500000     0.0000000
     8.5000000     0.0000000
     8.5500000     0.0000000
     8.6000000     0.0000000
     8.6500000     0.0000000
     8.7000000     0.0000000
     8.7500000     0.0000000
     8.8000000     0.0000000
     8.8500000     0.0000000
     8.9000000     0.0000000
     8.9500000     0.0000000
     9.0000000     0.0000000
     9.0500000     0.0000000
     9.1000000     0.0000000
     9.1500000     0.0000000
     9.2000000     0.0000000
     9.2500000     0.0000000
     9.3000000     0.0000000
     9.3500000     0.0000000
     9.4000000     0.0000000
     9.4500000     0.0000000
     9.5000000     0.0000000
     9.5500000     0.0000000
     9.6000000     0.0000000
     9.6500000     0.0000000
     9.7000000     0.0000000
     9.7500000     0.0000000
     9.8000000     0.0000000
     9.8500000     0.0000000
     9.9000000     0.0000000
     9.9500000     0.0000000
    10.0000000     0.0000000
    10.0500000     0.0172901
    10.1000000     0.0691605
    10.1500000     0.1556111
    10.2000000     0.2766420
    10.2500000     0.4322531
    10.3000000     0.6224445
    10.3500000     0.8472161
    10.4000000     1.1065680
    10.4500000     1.4005001
    10.5000000     1.7290125
    10.5500000     2.0921051
    10.6000000     2.4897780
    10.6500000     2.9220311
    10.7000000     3.3888645
    10.7500000     3.8902781
    10.8000000     4.4262720
    10.8500000     4.9968461
    10.9000000     5.6020005
    10.9500000     6.2417351
    11.0000000     6.9160500
    11.0500000     7.6249451
    11.1000000     8.3684205
    11.1500000     9.1464761
    11.2000000     9.9591120
    11.2500000    10.8063281
    11.3000000    11.6881245
    11.3500000    12.6045011
    11.4000000    13.5554580
    11.4500000    14.5409951
    11.5000000    15.5611125
    11.5500000    16.6158101
    11.6000000    17.7050880
    11.6500000    18.8289461
    11.7000000    19.9873845
    11.7500000    21.1804031
    11.8000000    22.4080020
    11.8500000    23.6701811
    11.9000000    24.9669405
    11.9500000    26.2982801
    12.0000000    27.6642000
    12.0500000    29.0647001
    12.1000000    30.4997805
    12.1500000    31.9694411
    12.2000000    33.4736820
    12.2500000    35.0125031
    12.3000000    36.5859045
    12.3500000    38.1938861
    12.4000000    39.8364480
    12.4500000    41.5135901
    12.5000000    43.2253125
    12.5500000    44.9716151
    12.6000000    46.7524980
    12.6500000    48.5679611
    12.7000000    50.4180045
    12.7500000    52.3026281
    12.8000000    54.2218320
    12.8500000    56.1756161
    12.9000000    58.1639805
    12.9500000    60.1869251
    13.0000000    62.2444500
    13.0500000    64.3070025
    13.1000000    66.3450300
    13.1500000    68.3585325
    13.2000000    70.3475100
    13.2500000    72.3119625
    13.3000000    74.2518900
    13.3500000    76.1672925
    13.4000000    78.0581700
    13.4500000    79.9245225
    13.5000000    81.7663500
    13.5500000    83.5836525
    13.6000000    85.3764300
    13.6500000    87.1446825
    13.7000000    88.8884100
    13.7500000    90.6076125
    13.8000000    92.3022900
    13.8500000    93.9724425
    13.9000000    95.6180700
    13.9500000    97.2391725
    14.0000000    98.8357500
    14.0500000   100.4078025
    14.1000000   101.9553300
    14.1500000   103.4783325
    14.2000000   104.9768100
    14.2500000   106.4507625
    14.3000000   107.9001900
    14.3500000   109.3250925
    14.4000000   110.7254700
    14.4500000   112.1013225
    14.5000000   113.4526500
    14.5500000   114.7794525
    14.6000000   116.0817300
    14.6500000   117.3594825
    14.7000000   118.6127100
    14.7500000   119.8414125
    14.8000000   121.0455900
    14.8500000   122.2252425
    14.9000000   123.3803700
    14.9500000   124.5109725
    15.0000000   125.6170500
    15.0500000   126.6986025
    15.1000000   127.7556300
    15.1500000   128.7881325
    15.2000000   129.7961100
    15.2500000   130.7795625
    15.3000000   131.7384900
    15.3500000   132.6728925
    15.4000000   133.5827700
    15.4500000   134.4681225
    15.5000000   135.3289500
    15.5500000   136.1652525
    15.6000000   136.9770300
    15.6500000   137.7642825
    15.7000000   138.5270100
    15.7500000   139.2652125
    15.8000000   139.9788900
    15.8500000   140.6680425
    15.9000000   141.3326700
    15.9500000   141.9727725
    16.0000000   142.5883500
    16.0500000   143.1794025
    16.1000000   143.7459300
    16.1500000   144.2879325
    16.2000000   144.8054100
    16.2500000   145.2983625
    16.3000000   145.7667900
    16.3500000   146.2106925
    16.4000000   146.6300700
    16.4500000   147.0249225
    16.5000000   147.3952500
    16.5500000   147.7410525
    16.6000000   148.0623300
    16.6500000   148.3590825
    16.7000000   148.6313100
    16.7500000   148.8790125
    16.8000000   149.1021900
    16.8500000   149.3008425
    16.9000000   149.4749700
    16.9500000   149.6245725
    17.0000000   149.7496500
    17.0500000   149.8502025
    17.1000000   149.9262300
    17.1500000   149.9777325
    17.2000000   150.0047100
    17.2500000   150.0071625
    17.3000000   149.9850900
    17.3500000   149.9384925
    17.4000000   149.8673700
    17.4500000   149.7717225
    17.5000000   149.6515500
    17.5500000   149.5068525
    17.6000000   149.3376300
    17.6500000   149.1438825
    17.7000000   148.9256100
    17.7500000   148.6828125
    17.8000000   148.4154900
    17.8500000   148.1236425
    17.9000000   147.8072700
    17.9500000   147.4663725
    18.0000000   147.1009500
    18.0500000   146.7110025
    18.1000000   146.2965300
    18.1500000   145.8575325
    18.2000000   145.3940100
    18.2500000   144.9059625
    18.3000000   144.3933900
    18.3500000   143.8562925
    18.4000000   143.2946700
    18.4500000   142.7085225
    18.5000000   142.0978500
    18.5500000   141.4626525
    18.6000000   140.8029300
    18.6500000   140.1186825
    18.7000000   139.4099100
    18.7500000   138.6766125
    18.8000000   137.9187900
    18.8500000   137.1364425
    18.9000000   136.3295700
    18.9500000   135.4981725
    19.0000000   134.6422500
    19.0500000   133.7618025
    19.1000000   132.8568300
    19.1500000   131.9273325
    19.2000000   130.9733100
    19.2500000   129.9947625
    19.3000000   128.9916900
    19.3500000   127.9640925
    19.4000000   126.9119700
    19.4500000   125.8353225
    19.5000000   124.7341500
    19.5500000   123.6084525
    19.6000000   122.4582300
    19.6500000   121.2834825
    19.7000000   120.0842100
    19.7500000   118.8604125
    19.8000000   117.6120900
    19.8500000   116.3392425
    19.9000000   115.0418700
    19.9500000   113.7199725
    20.0000000   112.3735500
    20.0500000   111.0026025
    20.1000000   109.6071300
    20.1500000   108.1871325
    20.2000000   106.7426100
    20.2500000   105.2735625
    20.3000000   103.7799900
    20.3500000   102.2618925
    20.4000000   100.7192700
    20.4500000    99.1521225
    20.5000000    97.5604500
    20.5500000    95.9442525
    20.6000000    94.3035300
    20.6500000    92.6382825
    20.7000000    90.9485100
    20.7500000    89.2342125
    20.8000000    87.4953900
    20.8500000    85.7320425
    20.9000000    83.9441700
    20.9500000    82.1317725
    21.0000000    80.2948500
    21.0500000    78.4334025
    21.1000000    76.5474300
    21.1500000    74.6369325
    21.2000000    72.7019100
    21.2500000    70.7423625
    21.3000000    68.7582900
    21.3500000    66.7496925
    21.4000000    64.7165700
    21.4500000    62.6589225
    21.5000000    60.5767500
    21.5500000    58.4700525
    21.6000000    56.3388300
    21.6500000    54.1830825
    21.7000000    52.0028100
    21.7500000    50.0000000
    21.8000000    50.0000000
    21.8500000    50.0000000
    21.9000000    50.0000000
    21.9500000    50.0000000
    22.0000000    50.0000000
    22.0500000    50.0000000
    22.1000000    50.0000000
    22.1500000    50.0000000
    22.2000000    50.0000000
    22.2500000    50.0000000
    22.3000000    50.0000000
    22.3500000    50.0000000
    22.4000000    50.0000000
    22.4500000    50.0000000
    22.5000000    50.0000000
    22.5500000    50.0000000
    22.6000000    50.0000000
    22.6500000    50.0000000
    22.7000000    50.0000000
    22.7500000    50.0000000
    22.8000000    50.0000000
    22.8500000    50.0000000
    22.9000000    50.0000000
    22.9500000    50.0000000
    23.0000000    50.0000000
    23.0500000    50.0000000
    23.1000000    50.0000000
    23.1500000    50.0000000
    23.2000000    50.0000000
    23.2500000    50.0000000
    23.3000000    50.0000000
    23.3500000    50.0000000
    23.4000000    50.0000000
    23.4500000    50.0000000
    23.5000000    50.0000000
    23.5500000    50.0000000
    23.6000000    50.0000000
    23.6500000    50.0000000
    23.7000000    50.0000000
    23.7500000    50.0000000
    23.8000000    50.0000000
    23.8500000    50.0000000
    23.9000000    50.0000000
    23.9500000    50.0000000
    24.0000000    50.0000000
    24.0500000    50.0000000
    24.1000000    50.0000000
    24.1500000    50.0000000
    24.2000000    50.0000000
    24.2500000    50.0000000
    24.3000000    50.0000000
    24.3500000    50.0000000
    24.4000000    50.0000000
    24.4500000    50.0000000
    24.5000000    50.0000000
    24.5500000    50.0000000
    24.6000000    50.0000000
    24.6500000    50.0000000
    24.7000000    50.0000000
    24.7500000    50.0000000
    24.8000000    50.0000000
    24.8500000    50.0000000
    24.9000000    50.0000000
    24.9500000    50.0000000
    25.0000000    50.0000000
    25.0500000    50.0000000
    25.1000000    50.0000000
    25.1500000    50.0000000
    25.2000000    50.0000000
    25.2500000    50.0000000
    25.3000000    50.0000000
    25.3500000    50.0000000
    25.4000000    50.0000000
    25.4500000    50.0000000
    25.5000000    50.0000000
    25.5500000    50.0000000
    25.6000000    50.0000000
    25.6500000    50.0000000
    25.7000000    50.0000000
    25.7500000    50.0000000
    25.8000000    50.0000000
    25.8500000    50.0000000
    25.9000000    50.0000000
    25.9500000    50.0000000
    26.0000000    50.0000000
    26.0500000    50.0000000
    26.1000000    50.0000000
    26.1500000    50.0000000
    26.2000000    50.0000000
    26.2500000    50.0000000
    26.3000000    50.0000000
    26.3500000    50.0000000
    26.4000000    50.0000000
    26.4500000    50.0000000
    26.5000000    50.0000000
    26.5500000    50.0000000
    26.6000000    50.0000000
    26.6500000    50.0000000
    26.7000000    50.0000000
    26.7500000    50.0000000
    26.8000000    50.0000000
    26.8500000    50.0000000
    26.9000000    50.0000000
    26.9500000    50.0000000
    27.0000000    50.0000000
    27.0500000    50.0000000
    27.1000000    50.0000000
    27.1500000    50.0000000
    27.2000000    50.0000000
    27.2500000    50.0000000
    27.3000000    50.0000000
    27.3500000    50.0000000
    27.4000000    50.0000000
    27.4500000    50.0000000
    27.5000000    50.0000000
    27.5500000    50.0000000
    27.6000000    50.0000000
    27.6500000    50.0000000
    27.7000000    50.0000000
    27.7500000    50.0000000
    27.8000000    50.0000000
    27.8500000    50.0000000
    27.9000000    50.0000000
    27.9500000    50.0000000
    28.0000000    50.0000000
    28.0500000    50.0000000
    28.1000000    50.0000000
    28.1500000    50.0000000
    28.2000000    50.0000000
    28.2500000    50.0000000
    28.3000000    50.0000000
    28.3500000    50.0000000
    28.4000000    50.0000000
    28.4500000    50.0000000
    28.5000000    50.0000000
    28.5500000    50.0000000
    28.6000000    50.0000000
    28.6500000    50.0000000
    28.7000000    50.0000000
    28.7500000    50.0000000
    28.8000000    50.0000000
    28.8500000    50.0000000
    28.9000000    50.0000000
    28.9500000    50.0000000
    29.0000000    50.0000000
    29.0500000    50.0000000
    29.1000000    50.0000000
    29.1500000    50.0000000
    29.2000000    50.0000000
    29.2500000    50.0000000
    29.3000000    50.0000000
    29.3500000    50.0000000
    29.4000000    50.0000000
    29.4500000    50.0000000
    29.5000000    50.0000000
    29.5500000    50.0000000
    29.6000000    50.0000000
    29.6500000    50.0000000
    29.7000000    50.0000000
    29.7500000    50.0000000
    29.8000000    50.0000000
    29.8500000    50.0000000
    29.9000000    50.0000000
    29.9500000    50.0000000
    30.0000000    50.0000000
    30.0500000    50.0000000
    30.1000000    50.0000000
    30.1500000    50.0000000
    30.2000000    50.0000000
    30.2500000    50.0000000
    30.3000000    50.0000000
    30.3500000    50.0000000
    30.4000000    50.0000000
    30.4500000    50.0000000
    30.5000000    50.0000000
    30.5500000    50.0000000
    30.6000000    50.0000000
    30.6500000    50.0000000
    30.7000000    50.0000000
    30.7500000    50.0000000
    30.8000000    50.0000000
    30.8500000    50.0000000
    30.9000000    50.0000000
    30.9500000    50.0000000
    31.0000000    50.0000000
    31.0500000    50.0000000
    31.1000000    50.0000000
    31.1500000    50.0000000
    31.2000000    50.0000000
    31.2500000    50.0000000
    31.3000000    50.0000000
    31.3500000    50.0000000
    31.4000000    50.0000000
    31.4500000    50.0000000
    31.5000000    50.0000000
    31.5500000    50.0000000
    31.6000000    50.0000000
    31.6500000    50.0000000
    31.7000000    50.0000000
