#Saturno-Alfa-2/Titã-3			LT 29 Jan 2023		StratoLoggerCF (SL-8)
#t(s)	h (m)
0	2.7432
0.05	3.048
0.1	5.4864
0.15	6.7056
0.2	6.7056
0.25	9.7536
0.3	12.192
0.35	12.8016
0.4	14.6304
0.45	16.764
0.5	18.288
0.55	21.336
0.6	24.0792
0.65	26.2128
0.7	29.2608
0.75	32.6136
0.8	35.6616
0.85	39.0144
0.9	42.672
0.95	46.3296
1	50.5968
1.05	55.4736
1.1	60.6552
1.15	65.532
1.2	71.3232
1.25	77.1144
1.3	82.296
1.35	87.7824
1.4	93.5736
1.45	99.3648
1.5	106.68
1.55	113.0808
1.6	119.7864
1.65	126.7968
1.7	133.5024
1.75	140.8176
1.8	148.4376
1.85	155.1432
1.9	161.8488
1.95	170.688
2	180.1368
2.05	187.7568
2.1	195.6816
2.15	202.692
2.2	209.7024
2.25	217.3224
2.3	225.552
2.35	233.172
2.4	239.5728
2.45	246.2784
2.5	252.6792
2.55	259.3848
2.6	266.0904
2.65	273.1008
2.7	280.1112
2.75	286.2072
2.8	292.9128
2.85	299.6184
2.9	306.6288
2.95	312.7248
3	319.4304
3.05	326.7456
3.1	333.1464
3.15	339.5472
3.2	346.2528
3.25	352.3488
3.3	358.14
3.35	363.9312
3.4	369.7224
3.45	375.8184
3.5	381.6096
3.55	387.4008
3.6	393.192
3.65	399.5928
3.7	405.0792
3.75	411.48
3.8	417.8808
3.85	423.9768
3.9	429.768
3.95	435.5592
4	440.7408
4.05	446.2272
4.1	450.7992
4.15	456.5904
4.2	461.1624
4.25	466.6488
4.3	472.7448
4.35	478.2312
4.4	484.0224
4.45	489.204
4.5	494.6904
4.55	500.4816
4.6	505.968
4.65	510.54
4.7	515.4168
4.75	520.2936
4.8	525.1704
4.85	529.7424
4.9	534.3144
4.95	539.1912
5	544.3728
5.05	549.5544
5.1	554.4312
5.15	559.6128
5.2	564.7944
5.25	570.2808
5.3	574.548
5.35	578.8152
5.4	583.692
5.45	588.264
5.5	591.9216
5.55	595.884
5.6	600.1512
5.65	605.028
5.7	609.9048
5.75	614.7816
5.8	619.0488
5.85	623.6208
5.9	628.8024
5.95	632.7648
6	636.4224
6.05	640.3848
6.1	643.7376
6.15	648.6144
6.2	652.272
6.25	655.9296
6.3	659.5872
6.35	663.5496
6.4	668.1216
6.45	672.6936
6.5	676.656
6.55	680.3136
6.6	684.276
6.65	687.9336
6.7	692.5056
6.75	695.2488
6.8	698.6016
6.85	702.8688
6.9	705.612
6.95	709.8792
7	713.8416
7.05	717.1944
7.1	720.5472
7.15	724.2048
7.2	728.472
7.25	732.4344
7.3	736.3968
7.35	739.4448
7.4	741.8832
7.45	745.5408
7.5	748.284
7.55	751.9416
7.6	755.2944
7.65	758.0376
7.7	761.6952
7.75	764.4384
7.8	767.7912
7.85	771.4488
7.9	775.1064
7.95	778.4592
8	781.5072
8.05	784.2504
8.1	786.9936
8.15	790.6512
8.2	793.0896
8.25	795.528
8.3	798.8808
8.35	801.624
8.4	804.0624
8.45	806.8056
8.5	810.1584
8.55	812.9016
8.6	815.34
8.65	818.6928
8.7	821.436
8.75	824.7888
8.8	827.2272
8.85	829.6656
8.9	832.4088
8.95	834.5424
9	837.2856
9.05	839.724
9.1	841.5528
9.15	844.296
9.2	846.7344
9.25	848.5632
9.3	851.0016
9.35	853.44
9.4	855.5736
9.45	858.3168
9.5	861.06
9.55	863.1936
9.6	865.632
9.65	868.0704
9.7	870.204
9.75	872.3376
9.8	875.3856
9.85	876.9096
9.9	878.4336
9.95	880.872
10	882.396
10.05	884.5296
10.1	885.7488
10.15	888.1872
10.2	890.016
10.25	892.4544
10.3	893.6736
10.35	895.5024
10.4	897.636
10.45	899.16
10.5	901.2936
10.55	903.4272
10.6	904.9512
10.65	907.9992
10.7	909.2184
10.75	911.0472
10.8	912.5712
10.85	914.7048
10.9	915.924
10.95	918.0576
11	919.2768
11.05	920.496
11.1	922.02
11.15	923.544
11.2	924.1536
11.25	925.6776
11.3	927.2016
11.35	928.4208
11.4	929.9448
11.45	930.8592
11.5	932.0784
11.55	933.2976
11.6	934.5168
11.65	936.3456
11.7	937.5648
11.75	938.1744
11.8	939.6984
11.85	940.6128
11.9	942.4416
11.95	943.6608
12	945.4896
12.05	946.0992
12.1	947.928
12.15	948.8424
12.2	950.0616
12.25	950.6712
12.3	952.5
12.35	953.1096
12.4	954.3288
12.45	954.6336
12.5	956.1576
12.55	956.4624
12.6	957.6816
12.65	958.2912
12.7	958.596
12.75	959.5104
12.8	959.2056
12.85	960.4248
12.9	960.7296
12.95	961.644
13	961.9488
13.05	962.5584
13.1	962.2536
13.15	962.8632
13.2	963.4728
13.25	963.4728
13.3	964.3872
13.35	964.692
13.4	964.692
13.45	965.6064
13.5	966.5208
13.55	966.8256
13.6	967.1304
13.65	967.74
13.7	968.0448
13.75	968.9592
13.8	968.6544
13.85	969.8736
13.9	970.788
13.95	971.3976
14	972.0072
14.05	972.312
14.1	971.7024
14.15	972.9216
14.2	973.2264
14.25	973.5312
14.3	973.2264
14.35	973.836
14.4	974.1408
14.45	974.1408
14.5	973.836
14.55	973.5312
14.6	973.2264
14.65	972.0072
14.7	971.3976
14.75	969.8736
14.8	970.788
14.85	974.1408
14.9	975.36
14.95	976.2744
15	976.2744
15.05	975.6648
15.1	973.836
15.15	973.5312
15.2	972.6168
15.25	971.0928
15.3	970.1784
15.35	968.9592
15.4	968.3496
15.45	967.4352
15.5	967.4352
15.55	967.4352
15.6	967.74
15.65	968.0448
15.7	968.9592
15.75	971.0928
15.8	971.7024
15.85	971.3976
15.9	970.788
15.95	969.264
16	968.3496
16.05	966.5208
16.1	965.6064
16.15	965.6064
16.2	965.6064
16.25	967.1304
16.3	967.4352
16.35	965.9112
16.4	963.168
16.45	961.9488
16.5	961.9488
16.55	961.9488
16.6	962.2536
16.65	960.7296
16.7	959.2056
16.75	959.2056
16.8	959.8152
16.85	959.2056
16.9	959.8152
16.95	958.9008
17	958.2912
17.05	958.2912
17.1	959.5104
17.15	958.9008
17.2	959.2056
17.25	958.2912
17.3	957.6816
17.35	957.9864
17.4	957.9864
17.45	957.072
17.5	955.8528
17.55	954.9384
17.6	954.9384
17.65	954.6336
17.7	952.8048
17.75	951.5856
17.8	950.976
17.85	949.1472
17.9	948.5376
17.95	947.3184
18	946.7088
18.05	945.4896
18.1	945.4896
18.15	946.0992
18.2	946.0992
18.25	946.7088
18.3	947.0136
18.35	947.0136
18.4	947.3184
18.45	947.0136
18.5	946.404
18.55	945.7944
18.6	944.88
18.65	944.2704
18.7	943.9656
18.75	942.7464
18.8	942.4416
18.85	941.2224
18.9	941.2224
18.95	941.5272
19	940.308
19.05	940.0032
19.1	939.6984
19.15	939.0888
19.2	938.1744
19.25	938.1744
19.3	936.9552
19.35	936.3456
19.4	936.0408
19.45	935.1264
19.5	934.212
19.55	934.8216
19.6	934.5168
19.65	934.8216
19.7	932.9928
19.75	932.688
19.8	932.0784
19.85	931.7736
19.9	931.164
19.95	931.164
20	930.2496
20.05	929.64
20.1	929.64
20.15	929.64
20.2	928.7256
20.25	927.5064
20.3	927.2016
20.35	926.592
20.4	925.9824
20.45	925.6776
20.5	925.068
20.55	924.1536
20.6	925.6776
20.65	924.1536
20.7	923.2392
20.75	922.6296
20.8	922.02
20.85	922.02
20.9	921.4104
20.95	921.1056
21	921.7152
21.05	921.4104
21.1	921.1056
21.15	921.1056
21.2	918.972
21.25	918.3624
21.3	916.8384
21.35	916.2288
21.4	914.7048
21.45	913.7904
21.5	913.1808
21.55	912.5712
21.6	912.5712
21.65	912.2664
21.7	911.6568
21.75	911.6568
21.8	911.9616
21.85	911.0472
21.9	910.7424
21.95	910.4376
22	909.5232
22.05	909.828
22.1	908.9136
22.15	908.6088
22.2	907.0848
22.25	907.3896
22.3	907.0848
22.35	906.1704
22.4	905.5608
22.45	904.6464
22.5	904.3416
22.55	904.0368
22.6	903.732
22.65	904.0368
22.7	904.0368
22.75	903.4272
22.8	903.4272
22.85	902.208
22.9	901.2936
22.95	900.9888
23	900.0744
23.05	899.4648
23.1	898.5504
23.15	897.9408
23.2	897.3312
23.25	897.0264
23.3	896.112
23.35	894.8928
23.4	895.1976
23.45	894.588
23.5	893.6736
23.55	893.3688
23.6	892.7592
23.65	892.1496
23.7	891.54
23.75	891.2352
23.8	890.9304
23.85	890.3208
23.9	889.7112
23.95	888.7968
24	888.492
24.05	890.3208
24.1	890.3208
24.15	887.5776
24.2	887.2728
24.25	886.968
24.3	887.2728
24.35	886.6632
24.4	885.7488
24.45	885.1392
24.5	883.6152
24.55	882.7008
24.6	882.396
24.65	880.872
24.7	879.9576
24.75	879.348
24.8	878.7384
24.85	879.0432
24.9	878.1288
24.95	878.1288
25	877.824
25.05	877.824
25.1	877.824
25.15	877.5192
25.2	877.5192
25.25	876.9096
25.3	875.9952
25.35	875.0808
25.4	873.5568
25.45	872.6424
25.5	872.0328
25.55	871.4232
25.6	870.204
25.65	870.204
25.7	869.8992
25.75	870.8136
25.8	869.8992
25.85	867.7656
25.9	867.7656
25.95	866.8512
26	865.632
26.05	864.4128
26.1	864.108
26.15	864.4128
26.2	864.4128
26.25	864.4128
26.3	865.0224
26.35	863.4984
26.4	863.1936
26.45	861.9744
26.5	861.06
26.55	859.8408
26.6	859.536
26.65	858.9264
26.7	859.536
26.75	860.4504
26.8	859.536
26.85	858.012
26.9	857.0976
26.95	855.5736
27	854.3544
27.05	853.44
27.1	853.1352
27.15	852.8304
27.2	852.8304
27.25	852.2208
27.3	852.8304
27.35	852.2208
27.4	850.6968
27.45	849.1728
27.5	849.1728
27.55	848.5632
27.6	848.868
27.65	849.7824
27.7	849.4776
27.75	849.4776
27.8	848.2584
27.85	845.5152
27.9	845.5152
27.95	844.296
28	843.3816
28.05	843.6864
28.1	843.9912
28.15	843.6864
28.2	843.3816
28.25	842.4672
28.3	841.5528
28.35	840.6384
28.4	839.1144
28.45	838.2
28.5	837.2856
28.55	836.676
28.6	836.0664
28.65	836.9808
28.7	835.7616
28.75	835.7616
28.8	837.2856
28.85	835.152
28.9	834.5424
28.95	833.3232
29	832.4088
29.05	831.7992
29.1	831.1896
29.15	830.8848
29.2	830.2752
29.25	829.9704
29.3	829.9704
29.35	829.9704
29.4	830.2752
29.45	830.8848
29.5	829.6656
29.55	828.7512
29.6	827.532
29.65	826.008
29.7	826.008
29.75	824.7888
29.8	824.484
29.85	824.1792
29.9	823.5696
29.95	823.2648
30	822.96
30.05	822.6552
30.1	823.5696
30.15	822.6552
30.2	822.96
30.25	821.7408
30.3	820.8264
30.35	819.3024
30.4	818.6928
30.45	818.0832
30.5	816.864
30.55	815.9496
30.6	815.0352
30.65	814.7304
30.7	814.4256
30.75	814.1208
30.8	813.5112
30.85	813.2064
30.9	812.5968
30.95	811.9872
31	811.3776
31.05	810.4632
31.1	810.1584
31.15	811.6824
31.2	809.8536
31.25	809.5488
31.3	810.4632
31.35	809.244
31.4	808.9392
31.45	807.72
31.5	807.1104
31.55	806.5008
31.6	806.196
31.65	804.672
31.7	804.3672
31.75	803.4528
31.8	802.5384
31.85	802.5384
31.9	801.9288
31.95	801.624
32	800.7096
32.05	800.1
32.1	799.4904
32.15	799.4904
32.2	798.2712
32.25	798.576
32.3	798.8808
32.35	799.1856
32.4	798.576
32.45	797.052
32.5	795.8328
32.55	796.1376
32.6	794.9184
32.65	794.004
32.7	794.004
32.75	793.0896
32.8	792.1752
32.85	791.8704
32.9	790.956
32.95	790.3464
33	790.0416
33.05	789.432
33.1	788.5176
33.15	787.6032
33.2	787.908
33.25	786.9936
33.3	787.2984
33.35	787.6032
33.4	785.1648
33.45	785.4696
33.5	784.2504
33.55	785.1648
33.6	783.9456
33.65	782.4216
33.7	782.7264
33.75	782.1168
33.8	781.5072
33.85	780.5928
33.9	780.288
33.95	779.3736
34	778.4592
34.05	778.764
34.1	778.4592
34.15	777.8496
34.2	777.5448
34.25	776.3256
34.3	775.1064
34.35	774.8016
34.4	774.4968
34.45	773.5824
34.5	774.4968
34.55	774.192
34.6	773.5824
34.65	772.668
34.7	771.7536
34.75	770.8392
34.8	769.62
34.85	768.7056
34.9	768.096
34.95	767.4864
35	766.8768
35.05	767.1816
35.1	767.1816
35.15	766.572
35.2	766.2672
35.25	765.6576
35.3	764.7432
35.35	763.8288
35.4	763.2192
35.45	762.6096
35.5	762.6096
35.55	763.524
35.6	763.524
35.65	762.6096
35.7	763.2192
35.75	761.3904
35.8	759.8664
35.85	757.7328
35.9	757.1232
35.95	755.904
36	754.9896
36.05	754.6848
36.1	755.2944
36.15	754.6848
36.2	754.38
36.25	753.4656
36.3	751.6368
36.35	750.7224
36.4	750.4176
36.45	750.1128
36.5	750.1128
36.55	750.7224
36.6	749.1984
36.65	749.5032
36.7	748.8936
36.75	749.1984
36.8	747.9792
36.85	747.9792
36.9	747.0648
36.95	745.5408
37	744.6264
37.05	743.4072
37.1	742.188
37.15	741.8832
37.2	741.2736
37.25	740.664
37.3	740.664
37.35	740.0544
37.4	739.7496
37.45	739.14
37.5	738.8352
37.55	738.2256
37.6	737.0064
37.65	736.7016
37.7	736.3968
37.75	735.7872
37.8	735.7872
37.85	735.1776
37.9	734.2632
37.95	734.2632
38	733.6536
38.05	734.8728
38.1	734.8728
38.15	733.9584
38.2	732.4344
38.25	731.8248
38.3	731.52
38.35	730.6056
38.4	728.1672
38.45	727.2528
38.5	726.0336
38.55	725.7288
38.6	724.5096
38.65	724.2048
38.7	723.9
38.75	723.5952
38.8	723.2904
38.85	722.6808
38.9	722.6808
38.95	722.6808
39	722.6808
39.05	721.4616
39.1	722.0712
39.15	720.852
39.2	720.5472
39.25	720.2424
39.3	720.2424
39.35	719.0232
39.4	718.1088
39.45	718.4136
39.5	716.8896
39.55	717.4992
39.6	715.3656
39.65	715.3656
39.7	715.0608
39.75	714.1464
39.8	713.232
39.85	712.3176
39.9	711.0984
39.95	709.2696
40	709.5744
40.05	708.66
40.1	707.136
40.15	706.8312
40.2	706.2216
40.25	706.2216
40.3	705.3072
40.35	705.0024
40.4	705.0024
40.45	704.6976
40.5	704.3928
40.55	704.088
40.6	704.088
40.65	703.4784
40.7	702.8688
40.75	702.8688
40.8	701.9544
40.85	701.9544
40.9	700.7352
40.95	699.8208
41	699.8208
41.05	698.9064
41.1	697.992
41.15	697.3824
41.2	696.1632
41.25	695.8584
41.3	696.1632
41.35	695.5536
41.4	694.3344
41.45	694.6392
41.5	694.6392
41.55	694.3344
41.6	694.0296
41.65	692.8104
41.7	691.5912
41.75	690.9816
41.8	690.6768
41.85	689.7624
41.9	689.1528
41.95	688.2384
42	687.6288
42.05	687.324
42.1	686.4096
42.15	686.4096
42.2	685.8
42.25	684.8856
42.3	684.5808
42.35	683.9712
42.4	684.276
42.45	683.9712
42.5	683.6664
42.55	682.752
42.6	682.4472
42.65	681.8376
42.7	681.228
42.75	680.9232
42.8	680.9232
42.85	680.3136
42.9	680.0088
42.95	679.3992
43	678.4848
43.05	678.4848
43.1	677.2656
43.15	676.0464
43.2	675.7416
43.25	675.132
43.3	674.5224
43.35	674.5224
43.4	673.608
43.45	673.3032
43.5	672.6936
43.55	672.084
43.6	672.084
43.65	671.4744
43.7	669.9504
43.75	669.9504
43.8	669.6456
43.85	668.4264
43.9	667.512
43.95	667.512
44	667.2072
44.05	666.5976
44.1	666.2928
44.15	665.6832
44.2	665.6832
44.25	664.7688
44.3	663.8544
44.35	663.5496
44.4	662.6352
44.45	661.7208
44.5	660.5016
44.55	659.2824
44.6	658.6728
44.65	658.368
44.7	657.7584
44.75	658.368
44.8	658.0632
44.85	658.6728
44.9	657.7584
44.95	658.368
45	657.7584
45.05	657.4536
45.1	656.5392
45.15	655.0152
45.2	653.1864
45.25	652.8816
45.3	652.8816
45.35	651.9672
45.4	651.6624
45.45	651.6624
45.5	653.796
45.55	651.3576
45.6	650.748
45.65	649.224
45.7	648.6144
45.75	647.0904
45.8	646.176
45.85	645.5664
45.9	644.652
45.95	644.9568
46	644.9568
46.05	644.652
46.1	644.0424
46.15	643.4328
46.2	642.8232
46.25	642.2136
46.3	641.2992
46.35	644.0424
46.4	642.8232
46.45	643.128
46.5	641.9088
46.55	641.2992
46.6	639.4704
46.65	637.9464
46.7	637.3368
46.75	636.1176
46.8	635.8128
46.85	636.1176
46.9	636.4224
46.95	636.4224
47	634.5936
47.05	633.6792
47.1	632.7648
47.15	631.5456
47.2	631.2408
47.25	630.3264
47.3	629.7168
47.35	630.6312
47.4	631.2408
47.45	630.936
47.5	630.6312
47.55	630.3264
47.6	628.4976
47.65	627.2784
47.7	626.9736
47.75	624.84
47.8	624.5352
47.85	624.5352
47.9	624.5352
47.95	624.5352
48	623.9256
48.05	623.9256
48.1	623.6208
48.15	623.0112
48.2	622.0968
48.25	621.1824
48.3	620.5728
48.35	619.9632
48.4	619.0488
48.45	618.4392
48.5	618.744
48.55	619.3536
48.6	618.1344
48.65	616.9152
48.7	616.3056
48.75	617.22
48.8	615.0864
48.85	613.8672
48.9	613.5624
48.95	612.9528
49	612.9528
49.05	611.4288
49.1	611.124
49.15	610.5144
49.2	610.2096
49.25	609.9048
49.3	609.6
49.35	608.9904
49.4	608.3808
49.45	607.7712
49.5	607.4664
49.55	606.8568
49.6	605.9424
49.65	607.4664
49.7	606.8568
49.75	605.9424
49.8	605.9424
49.85	605.028
49.9	604.1136
49.95	603.504
50	604.4184
50.05	602.5896
50.1	602.2848
50.15	601.0656
50.2	601.0656
50.25	599.5416
50.3	598.932
50.35	598.0176
50.4	598.6272
50.45	598.0176
50.5	598.0176
50.55	597.408
50.6	596.1888
50.65	595.2744
50.7	594.9696
50.75	594.0552
50.8	593.1408
50.85	593.7504
50.9	593.4456
50.95	593.4456
51	592.2264
51.05	591.9216
51.1	591.0072
51.15	590.3976
51.2	590.0928
51.25	589.4832
51.3	589.1784
51.35	588.5688
51.4	587.3496
51.45	586.74
51.5	586.1304
51.55	585.216
51.6	584.6064
51.65	583.9968
51.7	583.692
51.75	583.3872
51.8	581.8632
51.85	581.8632
51.9	582.168
51.95	583.3872
52	583.0824
52.05	581.5584
52.1	581.2536
52.15	580.644
52.2	579.4248
52.25	578.5104
52.3	577.596
52.35	576.6816
52.4	575.7672
52.45	575.1576
52.5	575.1576
52.55	574.8528
52.6	574.8528
52.65	574.548
52.7	573.6336
52.75	572.7192
52.8	572.4144
52.85	571.5
52.9	571.5
52.95	569.976
53	569.6712
53.05	570.8904
53.1	570.8904
53.15	570.5856
53.2	570.2808
53.25	568.7568
53.3	567.8424
53.35	566.928
53.4	565.404
53.45	564.7944
53.5	563.5752
53.55	562.6608
53.6	562.0512
53.65	561.1368
53.7	561.1368
53.75	560.832
53.8	560.832
53.85	560.5272
53.9	559.9176
53.95	559.308
54	558.3936
54.05	557.784
54.1	557.1744
54.15	556.5648
54.2	555.9552
54.25	557.4792
54.3	557.1744
54.35	556.26
54.4	556.26
54.45	556.5648
54.5	554.736
54.55	553.5168
54.6	551.688
54.65	550.7736
54.7	548.9448
54.75	548.64
54.8	547.7256
54.85	547.116
54.9	547.7256
54.95	548.0304
55	547.7256
55.05	547.7256
55.1	546.5064
55.15	545.8968
55.2	545.2872
55.25	543.7632
55.3	543.4584
55.35	543.4584
55.4	543.7632
55.45	542.8488
55.5	542.2392
55.55	542.8488
55.6	542.8488
55.65	543.1536
55.7	541.9344
55.75	540.7152
55.8	538.8864
55.85	536.7528
55.9	535.2288
55.95	534.924
56	534.0096
56.05	533.7048
56.1	533.7048
56.15	534.3144
56.2	534.6192
56.25	534.0096
56.3	532.7904
56.35	531.5712
56.4	530.9616
56.45	530.0472
56.5	530.0472
56.55	529.4376
56.6	529.1328
56.65	529.4376
56.7	529.4376
56.75	530.0472
56.8	529.7424
56.85	529.1328
56.9	527.9136
56.95	525.4752
57	525.78
57.05	524.8656
57.1	523.3416
57.15	521.8176
57.2	520.2936
57.25	519.9888
57.3	519.3792
57.35	519.3792
57.4	520.5984
57.45	519.9888
57.5	519.3792
57.55	518.7696
57.6	517.5504
57.65	516.3312
57.7	516.0264
57.75	515.112
57.8	514.5024
57.85	514.1976
57.9	513.8928
57.95	513.8928
58	514.8072
58.05	515.4168
58.1	515.112
58.15	513.588
58.2	512.9784
58.25	510.8448
58.3	509.3208
58.35	508.1016
58.4	507.7968
58.45	506.8824
58.5	506.5776
58.55	506.8824
58.6	506.5776
58.65	506.5776
58.7	506.2728
58.75	504.7488
58.8	504.444
58.85	503.5296
58.9	502.92
58.95	502.3104
59	502.3104
59.05	502.3104
59.1	501.7008
59.15	502.3104
59.2	502.92
59.25	502.0056
59.3	501.0912
59.35	501.396
59.4	500.1768
59.45	498.348
59.5	496.824
59.55	496.2144
59.6	495.6048
59.65	494.9952
59.7	494.9952
59.75	494.9952
59.8	494.9952
59.85	494.0808
59.9	493.776
59.95	493.1664
60	492.8616
60.05	492.8616
60.1	491.6424
60.15	491.3376
60.2	490.728
60.25	490.728
60.3	490.1184
60.35	488.5944
60.4	487.9848
60.45	487.0704
60.5	487.0704
60.55	487.0704
60.6	486.7656
60.65	485.5464
60.7	484.9368
60.75	484.3272
60.8	484.0224
60.85	483.4128
60.9	482.4984
60.95	482.4984
61	482.1936
61.05	481.584
61.1	480.9744
61.15	480.06
61.2	479.4504
61.25	479.1456
61.3	478.536
61.35	477.6216
61.4	476.7072
61.45	475.1832
61.5	476.4024
61.55	474.5736
61.6	472.44
61.65	473.964
61.7	473.0496
61.75	472.44
61.8	473.6592
61.85	473.0496
61.9	473.6592
61.95	473.3544
62	473.0496
62.05	471.2208
62.1	470.3064
62.15	469.392
62.2	470.0016
62.25	469.392
62.3	468.7824
62.35	466.9536
62.4	466.9536
62.45	468.4776
62.5	466.9536
62.55	466.6488
62.6	465.7344
62.65	464.5152
62.7	463.296
62.75	462.9912
62.8	462.6864
62.85	461.4672
62.9	461.1624
62.95	461.1624
63	461.1624
63.05	460.248
63.1	459.6384
63.15	458.4192
63.2	457.5048
63.25	456.5904
63.3	456.2856
63.35	455.9808
63.4	455.3712
63.45	455.3712
63.5	454.7616
63.55	455.3712
63.6	455.676
63.65	453.5424
63.7	454.152
63.75	452.9328
63.8	452.628
63.85	451.4088
63.9	450.4944
63.95	450.1896
64	449.2752
64.05	449.2752
64.1	448.9704
64.15	448.056
64.2	447.4464
64.25	446.8368
64.3	445.9224
64.35	444.7032
64.4	445.008
64.45	444.0936
64.5	443.7888
64.55	443.1792
64.6	444.3984
64.65	444.0936
64.7	443.7888
64.75	443.7888
64.8	443.484
64.85	441.96
64.9	441.3504
64.95	440.436
65	438.912
65.05	437.6928
65.1	436.7784
65.15	436.4736
65.2	435.5592
65.25	435.2544
65.3	434.9496
65.35	434.6448
65.4	434.34
65.45	433.7304
65.5	433.7304
65.55	433.1208
65.6	432.2064
65.65	431.9016
65.7	430.3776
65.75	430.0728
65.8	429.768
65.85	428.8536
65.9	429.1584
65.95	428.8536
66	429.1584
66.05	430.0728
66.1	429.4632
66.15	428.8536
66.2	427.3296
66.25	425.8056
66.3	424.8912
66.35	423.9768
66.4	422.148
66.45	421.5384
66.5	421.5384
66.55	421.5384
66.6	421.8432
66.65	421.5384
66.7	421.2336
66.75	420.624
66.8	419.7096
66.85	418.4904
66.9	417.8808
66.95	417.2712
67	415.7472
67.05	416.052
67.1	416.052
67.15	416.6616
67.2	417.2712
67.25	417.576
67.3	416.3568
67.35	413.3088
67.4	413.004
67.45	413.004
67.5	411.1752
67.55	409.956
67.6	409.0416
67.65	409.6512
67.7	408.7368
67.75	409.3464
67.8	408.7368
67.85	408.1272
67.9	407.5176
67.95	406.908
68	405.384
68.05	405.0792
68.1	403.86
68.15	405.0792
68.2	405.6888
68.25	405.384
68.3	404.7744
68.35	403.86
68.4	403.5552
68.45	402.9456
68.5	402.0312
68.55	400.2024
68.6	398.9832
68.65	398.0688
68.7	397.764
68.75	396.8496
68.8	397.1544
68.85	397.4592
68.9	397.1544
68.95	396.8496
69	395.9352
69.05	395.0208
69.1	394.716
69.15	393.4968
69.2	392.8872
69.25	392.2776
69.3	393.8016
69.35	393.4968
69.4	393.8016
69.45	392.8872
69.5	392.8872
69.55	391.9728
69.6	391.0584
69.65	389.8392
69.7	388.3152
69.75	387.4008
69.8	386.7912
69.85	385.8768
69.9	385.8768
69.95	386.1816
70	385.2672
70.05	385.2672
70.1	384.048
70.15	384.3528
70.2	383.4384
70.25	382.8288
70.3	382.524
70.35	382.524
70.4	381.9144
70.45	381.6096
70.5	381.3048
70.55	381
70.6	379.7808
70.65	379.476
70.7	379.476
70.75	379.1712
70.8	377.3424
70.85	376.7328
70.9	375.8184
70.95	375.2088
71	374.2944
71.05	373.6848
71.1	373.6848
71.15	373.6848
71.2	373.38
71.25	372.7704
71.3	372.4656
71.35	371.5512
71.4	371.856
71.45	371.5512
71.5	370.9416
71.55	370.9416
71.6	370.6368
71.65	370.332
71.7	369.4176
71.75	368.808
71.8	367.5888
71.85	366.9792
71.9	366.6744
71.95	366.0648
72	365.4552
72.05	365.1504
72.1	365.1504
72.15	363.9312
72.2	363.3216
72.25	362.712
72.3	361.4928
72.35	360.8832
72.4	360.5784
72.45	360.2736
72.5	360.2736
72.55	359.664
72.6	359.3592
72.65	359.3592
72.7	359.0544
72.75	358.14
72.8	357.2256
72.85	357.5304
72.9	357.8352
72.95	356.9208
73	356.0064
73.05	354.4824
73.1	353.8728
73.15	353.2632
73.2	352.044
73.25	351.4344
73.3	350.8248
73.35	350.8248
73.4	350.52
73.45	350.2152
73.5	349.9104
73.55	349.6056
73.6	348.6912
73.65	348.0816
73.7	347.472
73.75	346.8624
73.8	346.2528
73.85	346.2528
73.9	345.948
73.95	346.8624
74	345.3384
74.05	344.424
74.1	343.8144
74.15	342.9
74.2	343.2048
74.25	341.376
74.3	340.7664
74.35	340.1568
74.4	339.5472
74.45	338.9376
74.5	338.0232
74.55	338.9376
74.6	338.9376
74.65	338.9376
74.7	338.9376
74.75	338.6328
74.8	337.4136
74.85	337.1088
74.9	335.5848
74.95	334.6704
75	333.756
75.05	333.4512
75.1	333.4512
75.15	333.756
75.2	333.1464
75.25	332.8416
75.3	333.1464
75.35	331.9272
75.4	330.4032
75.45	329.4888
75.5	327.66
75.55	327.0504
75.6	326.4408
75.65	326.4408
75.7	326.4408
75.75	326.4408
75.8	325.5264
75.85	324.3072
75.9	323.088
75.95	322.1736
76	321.564
76.05	321.8688
76.1	321.2592
76.15	321.2592
76.2	319.7352
76.25	319.4304
76.3	319.7352
76.35	321.2592
76.4	321.564
76.45	319.7352
76.5	318.516
76.55	317.2968
76.6	316.6872
76.65	315.468
76.7	314.2488
76.75	313.0296
76.8	312.1152
76.85	313.3344
76.9	312.7248
76.95	312.42
77	312.42
77.05	311.8104
77.1	311.8104
77.15	310.896
77.2	310.5912
77.25	309.9816
77.3	309.372
77.35	308.4576
77.4	307.848
77.45	309.0672
77.5	309.0672
77.55	308.7624
77.6	308.1528
77.65	308.1528
77.7	307.2384
77.75	307.2384
77.8	306.324
77.85	304.8
77.9	303.8856
77.95	302.3616
78	300.5328
78.05	299.9232
78.1	299.9232
78.15	299.9232
78.2	299.9232
78.25	299.9232
78.3	299.9232
78.35	299.3136
78.4	298.704
78.45	297.18
78.5	296.5704
78.55	295.656
78.6	295.0464
78.65	293.8272
78.7	294.132
78.75	294.4368
78.8	294.4368
78.85	295.3512
78.9	295.3512
78.95	293.8272
79	291.9984
79.05	291.3888
79.1	292.3032
79.15	290.7792
79.2	288.9504
79.25	288.6456
79.3	287.7312
79.35	288.036
79.4	287.7312
79.45	287.1216
79.5	288.036
79.55	287.1216
79.6	286.512
79.65	285.2928
79.7	284.0736
79.75	283.1592
79.8	282.2448
79.85	282.2448
79.9	283.464
79.95	283.464
80	283.1592
80.05	283.1592
80.1	282.2448
80.15	281.6352
80.2	281.0256
80.25	279.1968
80.3	277.0632
80.35	276.4536
80.4	276.1488
80.45	276.4536
80.5	276.1488
80.55	275.844
80.6	276.1488
80.65	275.844
80.7	274.9296
80.75	273.7104
80.8	273.1008
80.85	272.4912
80.9	273.7104
80.95	273.1008
81	272.4912
81.05	272.1864
81.1	271.5768
81.15	270.9672
81.2	270.0528
81.25	269.748
81.3	268.5288
81.35	268.224
81.4	267.3096
81.45	265.7856
81.5	265.4808
81.55	265.7856
81.6	264.8712
81.65	265.176
81.7	264.8712
81.75	263.652
81.8	263.652
81.85	262.128
81.9	262.4328
81.95	262.4328
82	262.4328
82.05	262.128
82.1	261.8232
82.15	261.2136
82.2	260.604
82.25	259.6896
82.3	259.08
82.35	258.1656
82.4	257.2512
82.45	256.6416
82.5	256.3368
82.55	255.7272
82.6	254.2032
82.65	253.5936
82.7	253.2888
82.75	252.984
82.8	252.6792
82.85	252.0696
82.9	252.3744
82.95	252.0696
83	252.3744
83.05	252.6792
83.1	251.46
83.15	251.46
83.2	250.8504
83.25	249.6312
83.3	249.0216
83.35	250.2408
83.4	248.1072
83.45	247.4976
83.5	246.5832
83.55	245.6688
83.6	245.0592
83.65	244.4496
83.7	245.0592
83.75	244.4496
83.8	244.1448
83.85	243.5352
83.9	243.5352
83.95	242.0112
84	241.4016
84.05	242.0112
84.1	241.0968
84.15	240.1824
84.2	239.8776
84.25	239.5728
84.3	238.9632
84.35	238.0488
84.4	237.1344
84.45	236.8296
84.5	235.0008
84.55	233.4768
84.6	234.0864
84.65	233.4768
84.7	232.2576
84.75	231.9528
84.8	231.0384
84.85	231.0384
84.9	230.4288
84.95	231.0384
85	231.648
85.05	232.2576
85.1	232.5624
85.15	231.648
85.2	230.4288
85.25	229.8192
85.3	230.124
85.35	229.8192
85.4	227.9904
85.45	227.6856
85.5	227.076
85.55	226.7712
85.6	226.7712
85.65	224.9424
85.7	224.9424
85.75	224.3328
85.8	223.4184
85.85	222.504
85.9	222.504
85.95	222.504
86	221.8944
86.05	221.2848
86.1	220.6752
86.15	220.3704
86.2	219.456
86.25	218.2368
86.3	218.2368
86.35	218.2368
86.4	217.6272
86.45	217.6272
86.5	218.2368
86.55	217.3224
86.6	217.3224
86.65	216.408
86.7	215.1888
86.75	214.5792
86.8	213.6648
86.85	213.36
86.9	212.1408
86.95	212.1408
87	212.1408
87.05	210.9216
87.1	209.7024
87.15	208.4832
87.2	207.264
87.25	206.9592
87.3	206.6544
87.35	206.3496
87.4	205.74
87.45	205.1304
87.5	205.1304
87.55	205.1304
87.6	204.5208
87.65	203.9112
87.7	203.3016
87.75	202.9968
87.8	201.7776
87.85	201.4728
87.9	201.168
87.95	200.2536
88	199.9488
88.05	199.644
88.1	199.3392
88.15	199.644
88.2	199.3392
88.25	199.0344
88.3	198.7296
88.35	198.4248
88.4	196.9008
88.45	196.596
88.5	196.596
88.55	196.2912
88.6	195.6816
88.65	194.7672
88.7	193.8528
88.75	193.8528
88.8	192.9384
88.85	194.1576
88.9	193.2432
88.95	192.9384
89	192.9384
89.05	191.7192
89.1	192.9384
89.15	191.7192
89.2	189.5856
89.25	189.2808
89.3	188.6712
89.35	188.6712
89.4	187.7568
89.45	187.1472
89.5	186.5376
89.55	186.5376
89.6	185.6232
89.65	185.6232
89.7	185.0136
89.75	183.7944
89.8	183.7944
89.85	182.88
89.9	181.9656
89.95	181.9656
90	180.7464
90.05	180.4416
90.1	180.1368
90.15	181.0512
90.2	180.4416
90.25	179.5272
90.3	180.1368
90.35	179.2224
90.4	178.9176
90.45	178.6128
90.5	178.0032
90.55	176.1744
90.6	175.5648
90.65	176.784
90.7	175.8696
90.75	175.5648
90.8	175.26
90.85	173.736
90.9	173.4312
90.95	172.8216
91	171.9072
91.05	171.6024
91.1	171.6024
91.15	171.9072
91.2	172.212
91.25	170.3832
91.3	169.4688
91.35	169.4688
91.4	167.64
91.45	166.7256
91.5	165.8112
91.55	165.5064
91.6	163.9824
91.65	163.6776
91.7	163.9824
91.75	162.7632
91.8	162.4584
91.85	162.1536
91.9	162.1536
91.95	161.2392
92	161.2392
92.05	160.3248
92.1	160.9344
92.15	160.3248
92.2	160.3248
92.25	160.6296
92.3	161.544
92.35	161.2392
92.4	160.02
92.45	158.8008
92.5	158.496
92.55	157.8864
92.6	156.972
92.65	156.3624
92.7	155.7528
92.75	154.8384
92.8	154.5336
92.85	153.924
92.9	153.6192
92.95	153.3144
93	152.7048
93.05	152.0952
93.1	152.7048
93.15	152.4
93.2	151.7904
93.25	151.1808
93.3	150.2664
93.35	149.9616
93.4	148.4376
93.45	148.4376
93.5	148.1328
93.55	149.0472
93.6	149.0472
93.65	148.1328
93.7	147.5232
93.75	147.5232
93.8	145.9992
93.85	144.78
93.9	144.1704
93.95	143.5608
94	142.6464
94.05	142.3416
94.1	141.732
94.15	141.4272
94.2	142.0368
94.25	142.0368
94.3	141.732
94.35	141.4272
94.4	140.8176
94.45	140.8176
94.5	139.9032
94.55	138.0744
94.6	138.684
94.65	137.7696
94.7	137.4648
94.75	136.5504
94.8	136.2456
94.85	136.2456
94.9	135.0264
94.95	132.588
95	131.6736
95.05	130.7592
95.1	131.064
95.15	129.54
95.2	129.2352
95.25	129.8448
95.3	130.7592
95.35	131.064
95.4	131.6736
95.45	131.064
95.5	130.7592
95.55	129.2352
95.6	128.6256
95.65	128.9304
95.7	127.4064
95.75	127.7112
95.8	126.7968
95.85	127.7112
95.9	125.8824
95.95	124.3584
96	124.3584
96.05	124.968
96.1	124.0536
96.15	123.444
96.2	124.0536
96.25	123.1392
96.3	122.8344
96.35	121.6152
96.4	119.7864
96.45	118.872
96.5	117.9576
96.55	117.348
96.6	117.0432
96.65	116.1288
96.7	115.824
96.75	115.5192
96.8	114.9096
96.85	114.9096
96.9	114.3
96.95	113.9952
97	114.3
97.05	113.9952
97.1	113.0808
97.15	112.1664
97.2	111.8616
97.25	111.252
97.3	110.9472
97.35	110.9472
97.4	110.3376
97.45	110.0328
97.5	109.4232
97.55	108.8136
97.6	108.5088
97.65	108.204
97.7	107.8992
97.75	107.8992
97.8	106.9848
97.85	106.68
97.9	106.3752
97.95	104.8512
98	105.4608
98.05	105.4608
98.1	103.9368
98.15	103.9368
98.2	105.156
98.25	103.9368
98.3	103.3272
98.35	104.2416
98.4	103.0224
98.45	103.0224
98.5	102.7176
98.55	101.1936
98.6	99.6696
98.65	99.06
98.7	98.4504
98.75	98.4504
98.8	98.1456
98.85	97.536
98.9	96.9264
98.95	96.6216
99	96.012
99.05	94.7928
99.1	94.488
99.15	94.1832
99.2	93.5736
99.25	93.2688
99.3	92.964
99.35	92.0496
99.4	93.5736
99.45	92.964
99.5	92.3544
99.55	91.44
99.6	91.7448
99.65	90.8304
99.7	90.8304
99.75	89.916
99.8	89.0016
99.85	89.0016
99.9	88.392
99.95	87.7824
100	87.4776
100.05	87.7824
100.1	85.6488
100.15	84.7344
100.2	85.344
100.25	85.344
100.3	85.0392
100.35	84.1248
100.4	83.2104
100.45	82.296
100.5	81.3816
100.55	81.0768
100.6	80.772
100.65	81.6864
100.7	79.248
100.75	80.772
100.8	79.8576
100.85	78.9432
100.9	78.6384
100.95	77.724
101	77.4192
101.05	77.4192
101.1	76.5048
101.15	76.5048
101.2	76.2
101.25	76.2
101.3	75.5904
101.35	74.0664
101.4	73.152
101.45	72.2376
101.5	72.2376
101.55	71.628
101.6	71.628
101.65	71.3232
101.7	70.7136
101.75	71.628
101.8	70.4088
101.85	69.7992
101.9	69.1896
101.95	68.2752
102	67.9704
102.05	67.9704
102.1	66.7512
102.15	66.1416
102.2	65.532
102.25	64.3128
102.3	64.6176
102.35	64.3128
102.4	63.3984
102.45	62.484
102.5	62.1792
102.55	61.5696
102.6	61.2648
102.65	60.6552
102.7	60.6552
102.75	60.0456
102.8	60.0456
102.85	58.8264
102.9	59.436
102.95	60.0456
103	59.436
103.05	58.2168
103.1	58.2168
103.15	57.3024
103.2	56.388
103.25	55.1688
103.3	54.864
103.35	54.5592
103.4	53.9496
103.45	53.9496
103.5	53.9496
103.55	53.34
103.6	52.4256
103.65	51.2064
103.7	49.9872
103.75	48.4632
103.8	48.768
103.85	48.4632
103.9	48.768
103.95	47.8536
104	48.1584
104.05	47.5488
104.1	46.6344
104.15	46.6344
104.2	46.6344
104.25	46.3296
104.3	46.6344
104.35	46.0248
104.4	44.8056
104.45	43.8912
104.5	42.672
104.55	41.148
104.6	39.624
104.65	39.624
104.7	39.624
104.75	39.0144
104.8	38.7096
104.85	38.1
104.9	38.1
104.95	38.7096
105	38.1
105.05	39.0144
105.1	37.7952
105.15	37.4904
105.2	36.576
105.25	35.6616
105.3	34.7472
105.35	34.4424
105.4	33.528
105.45	31.0896
105.5	29.5656
105.55	28.956
105.6	29.5656
105.65	29.5656
105.7	29.8704
105.75	29.2608
105.8	28.6512
105.85	27.1272
105.9	26.2128
105.95	24.9936
106	24.0792
106.05	23.7744
106.1	23.4696
106.15	23.1648
106.2	23.1648
106.25	22.86
106.3	23.1648
106.35	23.7744
106.4	24.6888
106.45	23.7744
106.5	23.1648
106.55	22.2504
106.6	21.0312
106.65	19.812
106.7	18.5928
106.75	17.3736
106.8	16.764
106.85	15.5448
106.9	15.24
106.95	15.5448
107	15.8496
107.05	15.5448
107.1	14.3256
107.15	13.1064
107.2	12.192
107.25	11.5824
107.3	10.9728
107.35	10.9728
107.4	10.0584
107.45	10.3632
107.5	9.7536
107.55	9.144
107.6	8.5344
107.65	7.9248
107.7	8.2296
107.75	7.9248
107.8	9.144
107.85	9.144
107.9	8.2296
107.95	8.8392
108	8.5344
108.05	3.6576
108.1	0.3048
108.15	-2.1336
108.2	-3.9624
108.25	-3.048
108.3	-3.9624
108.35	-4.2672
108.4	-4.2672
108.45	-3.6576
108.5	-3.3528
108.55	-3.3528
108.6	-3.3528
108.65	-3.3528
108.7	-3.048
108.75	-3.3528
108.8	-3.6576
108.85	-3.3528
108.9	-3.9624
108.95	-3.9624
109	-4.2672
109.05	-3.9624
109.1	-4.2672
109.15	-3.9624
109.2	-3.9624
109.25	-4.572
109.3	-3.6576
109.35	-3.6576
109.4	-3.6576
109.45	-3.9624
109.5	-3.9624
109.55	-3.9624
109.6	-3.9624
109.65	-3.9624
109.7	-4.2672
109.75	-3.9624
109.8	-3.9624
109.85	-3.6576
109.9	-3.6576
109.95	-3.6576
110	-3.9624
110.05	-3.9624
110.1	-3.6576
110.15	-3.9624
110.2	-3.6576
110.25	-3.6576
110.3	-3.9624
110.35	-3.6576
110.4	-3.6576
110.45	-3.9624
110.5	-3.6576
110.55	-3.6576
110.6	-3.9624
110.65	-3.6576
110.7	-3.3528
110.75	-3.6576
110.8	-3.6576
110.85	-3.9624
110.9	-3.9624
110.95	-3.6576
111	-3.6576
111.05	-3.6576
111.1	-3.9624
111.15	-3.6576
111.2	-3.9624
111.25	-3.6576
111.3	-3.6576
111.35	-3.3528
111.4	-3.6576
111.45	-3.6576
111.5	-3.6576
111.55	-3.3528
111.6	-3.3528
111.65	-4.2672
111.7	-3.6576
111.75	-3.6576
111.8	-3.9624
111.85	-3.6576
111.9	-3.6576
111.95	-3.3528
112	-3.6576
112.05	-3.6576
112.1	-3.6576
112.15	-3.6576
112.2	-3.9624
112.25	-3.9624
112.3	-3.9624
112.35	-3.9624
112.4	-3.3528
112.45	-3.9624
112.5	-3.9624
112.55	-3.6576
112.6	-4.2672
112.65	-3.6576
112.7	-3.6576
112.75	-3.6576
112.8	-3.6576
112.85	-3.9624
112.9	-4.2672
112.95	-3.9624
113	-3.6576
113.05	-3.6576
113.1	-3.9624
113.15	-3.6576
113.2	-3.9624
113.25	-3.9624
113.3	-4.2672
113.35	-4.2672
113.4	-3.9624
113.45	-3.9624
113.5	-4.2672
113.55	-3.9624
113.6	-3.9624
113.65	-3.9624
113.7	-3.6576
113.75	-3.9624
113.8	-3.6576
113.85	-3.9624
113.9	-4.2672
113.95	-3.9624
