#  Netuno-R-B/Paraná-7, LT 24 Jun 2017,
#t(s) h(m)
0	0.9144
0.05	-1.2192
0.1	-4.572
0.15	-7.3152
0.2	-13.4112
0.25	-19.812
0.3	-25.908
0.35	-37.7952
0.4	-58.2168
0.45	-79.5528
0.5	-103.0224
0.55	-131.064
0.6	-133.8072
0.65	-133.1976
0.7	-163.068
0.75	-158.1912
0.8	-163.3728
0.85	-153.6192
0.9	-148.4376
0.95	-147.2184
1	-111.8616
1.05	-126.492
1.1	-91.44
1.15	-117.9576
1.2	-88.392
1.25	-63.7032
1.3	-65.532
1.35	-16.4592
1.4	146.304
1.45	336.1944
1.5	341.6808
1.55	233.7816
1.6	458.1144
1.65	460.8576
1.7	278.2824
1.75	336.804
1.8	417.8808
1.85	367.5888
1.9	297.7896
1.95	310.2864
2	310.896
2.05	292.608
2.1	280.416
2.15	286.8168
2.2	300.228
2.25	277.9776
2.3	273.1008
2.35	291.9984
2.4	282.2448
2.45	274.0152
2.5	281.0256
2.55	268.224
2.6	273.1008
2.65	267.6144
2.7	265.4808
2.75	262.7376
2.8	267.9192
2.85	265.4808
2.9	260.9088
2.95	263.0424
3	263.652
3.05	269.4432
3.1	272.1864
3.15	271.8816
3.2	273.7104
3.25	267.0048
3.3	269.4432
3.35	268.5288
3.4	269.1384
3.45	270.6624
3.5	270.9672
3.55	272.796
3.6	270.9672
3.65	270.9672
3.7	273.1008
3.75	273.7104
3.8	272.796
3.85	272.796
3.9	272.796
3.95	272.4912
4	272.796
4.05	272.4912
4.1	272.796
4.15	272.1864
4.2	272.4912
4.25	272.4912
4.3	273.1008
4.35	273.4056
4.4	274.0152
4.45	273.7104
4.5	273.7104
4.55	274.32
4.6	274.6248
4.65	275.5392
4.7	276.1488
4.75	276.4536
4.8	276.7584
4.85	277.0632
4.9	276.4536
4.95	276.4536
5	276.4536
5.05	276.1488
5.1	276.1488
5.15	275.5392
5.2	275.5392
5.25	275.844
5.3	275.5392
5.35	275.2344
5.4	274.9296
5.45	274.9296
5.5	274.6248
5.55	273.7104
5.6	273.7104
5.65	273.4056
5.7	273.1008
5.75	272.4912
5.8	-119.7864
5.85	273.7104
5.9	271.5768
5.95	269.748
6	268.5288
6.05	267.3096
6.1	267.6144
6.15	270.3576
6.2	271.8816
6.25	271.8816
6.3	270.9672
6.35	268.5288
6.4	267.0048
6.45	266.7
6.5	266.7
6.55	266.0904
6.6	265.7856
6.65	266.3952
6.7	265.4808
6.75	263.652
6.8	263.3472
6.85	263.0424
6.9	260.9088
6.95	259.08
7	259.3848
7.05	260.604
7.1	260.2992
7.15	258.1656
7.2	256.6416
7.25	256.032
7.3	256.3368
7.35	255.7272
7.4	255.1176
7.45	255.1176
7.5	254.8128
7.55	255.4224
7.6	254.2032
7.65	252.0696
7.7	250.8504
7.75	251.1552
7.8	252.3744
7.85	252.6792
7.9	250.8504
7.95	249.3264
8	249.3264
8.05	249.3264
8.1	248.7168
8.15	246.888
8.2	245.9736
8.25	245.0592
8.3	244.4496
8.35	245.0592
8.4	245.0592
8.45	244.7544
8.5	244.7544
8.55	244.1448
8.6	242.316
8.65	241.7064
8.7	242.6208
8.75	242.316
8.8	241.0968
8.85	239.5728
8.9	238.9632
8.95	238.9632
9	238.3536
9.05	237.744
9.1	236.22
9.15	235.6104
9.2	234.696
9.25	234.3912
9.3	233.172
9.35	233.4768
9.4	234.3912
9.45	234.0864
9.5	232.8672
9.55	231.3432
9.6	230.124
9.65	229.5144
9.7	228.9048
9.75	228.2952
9.8	227.076
9.85	226.1616
9.9	226.1616
9.95	225.8568
10	227.076
10.05	227.3808
10.1	226.7712
10.15	225.552
10.2	224.6376
10.25	223.4184
10.3	222.504
10.35	222.8088
10.4	221.2848
10.45	219.7608
10.5	218.8464
10.55	217.932
10.6	217.932
10.65	217.932
10.7	219.1512
10.75	219.7608
10.8	218.2368
10.85	217.0176
10.9	216.1032
10.95	214.884
11	216.1032
11.05	216.1032
11.1	213.36
11.15	212.1408
11.2	210.9216
11.25	210.9216
11.3	211.5312
11.35	210.6168
11.4	210.6168
11.45	209.7024
11.5	210.0072
11.55	208.788
11.6	207.8736
11.65	207.264
11.7	207.8736
11.75	208.1784
11.8	206.6544
11.85	204.5208
11.9	203.6064
11.95	203.9112
12	203.9112
12.05	202.3872
12.1	201.168
12.15	200.5584
12.2	201.168
12.25	202.3872
12.3	200.8632
12.35	200.2536
12.4	200.8632
12.45	200.8632
12.5	199.0344
12.55	197.8152
12.6	196.2912
12.65	196.2912
12.7	196.2912
12.75	194.7672
12.8	193.8528
12.85	192.9384
12.9	193.2432
12.95	193.548
13	192.6336
13.05	192.024
13.1	192.024
13.15	192.6336
13.2	192.024
13.25	190.5
13.3	189.2808
13.35	188.3664
13.4	188.3664
13.45	188.0616
13.5	186.5376
13.55	185.3184
13.6	185.3184
13.65	185.928
13.7	184.404
13.75	183.1848
13.8	183.1848
13.85	183.7944
13.9	185.6232
13.95	182.5752
14	181.6608
14.05	181.0512
14.1	181.6608
14.15	181.0512
14.2	179.2224
14.25	178.0032
14.3	177.0888
14.35	177.6984
14.4	177.6984
14.45	176.1744
14.5	174.6504
14.55	174.3456
14.6	174.9552
14.65	175.5648
14.7	173.736
14.75	172.5168
14.8	172.8216
14.85	173.4312
14.9	173.1264
14.95	172.212
15	171.6024
15.05	170.0784
15.1	170.0784
15.15	169.4688
15.2	167.9448
15.25	166.7256
15.3	166.4208
15.35	167.0304
15.4	165.2016
15.45	164.2872
15.5	163.9824
15.55	164.8968
15.6	164.592
15.65	163.6776
15.7	162.7632
15.75	162.7632
15.8	162.7632
15.85	162.1536
15.9	160.6296
15.95	159.4104
16	158.8008
16.05	159.4104
16.1	158.496
16.15	157.2768
16.2	156.3624
16.25	156.3624
16.3	156.6672
16.35	156.0576
16.4	154.8384
16.45	153.6192
16.5	153.3144
16.55	154.5336
16.6	154.2288
16.65	153.0096
16.7	152.7048
16.75	152.7048
16.8	153.3144
16.85	153.3144
16.9	151.4856
16.95	150.5712
17	149.0472
17.05	149.0472
17.1	149.6568
17.15	148.1328
17.2	146.6088
17.25	145.6944
17.3	145.3896
17.35	145.3896
17.4	144.78
17.45	143.8656
17.5	142.9512
17.55	141.732
17.6	141.732
17.65	142.3416
17.7	142.3416
17.75	140.8176
17.8	139.9032
17.85	139.5984
17.9	140.208
17.95	139.5984
18	138.684
18.05	138.0744
18.1	137.4648
18.15	137.16
18.2	136.8552
18.25	135.3312
18.3	134.112
18.35	133.1976
18.4	134.112
18.45	133.8072
18.5	131.9784
18.55	131.3688
18.6	130.7592
18.65	131.3688
18.7	131.3688
18.75	129.8448
18.8	128.6256
18.85	128.016
18.9	128.016
18.95	128.9304
19	128.9304
19.05	127.1016
19.1	126.1872
19.15	125.5776
19.2	126.492
19.25	125.5776
19.3	123.7488
19.35	122.5296
19.4	122.5296
19.45	123.444
19.5	122.5296
19.55	121.3104
19.6	120.0912
19.65	119.4816
19.7	119.7864
19.75	119.4816
19.8	117.6528
19.85	117.0432
19.9	116.4336
19.95	117.0432
20	117.6528
20.05	116.4336
20.1	115.5192
20.15	114.9096
20.2	114.6048
20.25	114.9096
20.3	113.9952
20.35	113.6904
20.4	113.0808
20.45	113.3856
20.5	113.0808
20.55	111.5568
20.6	109.728
20.65	108.204
20.7	108.8136
20.75	109.1184
20.8	107.5944
20.85	106.3752
20.9	105.7656
20.95	106.0704
21	106.9848
21.05	104.5464
21.1	103.3272
21.15	102.7176
21.2	102.4128
21.25	102.7176
21.3	102.7176
21.35	101.1936
21.4	100.584
21.45	99.9744
21.5	100.584
21.55	100.584
21.6	99.3648
21.65	98.4504
21.7	98.1456
21.75	99.06
21.8	98.4504
21.85	97.536
21.9	95.7072
21.95	94.1832
22	94.1832
22.05	94.488
22.1	92.964
22.15	92.0496
22.2	91.7448
22.25	92.3544
22.3	92.0496
22.35	90.2208
22.4	89.0016
22.45	88.392
22.5	88.392
22.55	88.6968
22.6	89.0016
22.65	88.0872
22.7	86.868
22.75	85.9536
22.8	86.2584
22.85	86.2584
22.9	85.9536
22.95	84.7344
23	83.5152
23.05	83.5152
23.1	84.1248
23.15	83.82
23.2	82.296
23.25	80.772
23.3	79.248
23.35	79.5528
23.4	80.1624
23.45	78.6384
23.5	77.724
23.55	76.8096
23.6	77.1144
23.65	78.0288
23.7	75.8952
23.75	74.676
23.8	73.7616
23.85	73.7616
23.9	74.3712
23.95	73.152
24	72.2376
24.05	71.628
24.1	71.0184
24.15	71.3232
24.2	70.4088
24.25	69.4944
24.3	69.1896
24.35	69.4944
24.4	69.4944
24.45	69.4944
24.5	68.58
24.55	67.056
24.6	65.8368
24.65	65.532
24.7	65.532
24.75	64.008
24.8	63.3984
24.85	62.7888
24.9	62.484
24.95	62.1792
25	60.96
25.05	60.0456
25.1	58.8264
25.15	58.5216
25.2	58.8264
25.25	58.5216
25.3	57.912
25.35	56.9976
25.4	56.0832
25.45	55.1688
25.5	56.0832
25.55	56.0832
25.6	55.1688
25.65	53.6448
25.7	53.6448
25.75	54.2544
25.8	54.2544
25.85	52.4256
25.9	51.816
25.95	51.816
26	51.2064
26.05	50.5968
26.1	49.0728
26.15	48.1584
26.2	47.244
26.25	47.5488
26.3	47.244
26.35	46.0248
26.4	44.5008
26.45	43.8912
26.5	43.5864
26.55	43.8912
26.6	43.5864
26.65	42.3672
26.7	41.7576
26.75	40.8432
26.8	40.5384
26.85	41.4528
26.9	40.8432
26.95	39.624
27	38.4048
27.05	37.7952
27.1	38.4048
27.15	38.1
27.2	37.1856
27.25	36.576
27.3	36.2712
27.35	36.576
27.4	36.2712
27.45	35.052
27.5	33.528
27.55	33.528
27.6	33.528
27.65	32.004
27.7	31.0896
27.75	30.48
27.8	30.1752
27.85	29.8704
27.9	28.6512
27.95	27.7368
28	26.2128
28.05	26.5176
28.1	27.1272
28.15	26.5176
28.2	24.9936
28.25	23.7744
28.3	23.1648
28.35	23.4696
28.4	23.7744
28.45	23.4696
28.5	22.5552
28.55	22.2504
28.6	21.9456
28.65	21.336
28.7	20.7264
28.75	19.2024
28.8	18.8976
28.85	19.812
28.9	20.7264
28.95	18.8976
29	17.6784
29.05	16.1544
29.1	16.1544
29.15	15.8496
29.2	14.6304
29.25	14.0208
29.3	13.716
29.35	13.716
29.4	13.1064
29.45	11.2776
29.5	10.3632
29.55	9.4488
29.6	10.3632
29.65	10.3632
29.7	9.144
29.75	8.2296
29.8	7.62
29.85	7.62
29.9	7.9248
29.95	6.7056
30	5.4864
30.05	5.7912
30.1	5.1816
30.15	5.7912
30.2	5.1816
30.25	4.2672
30.3	2.7432
30.35	0.6096
30.4	0.9144
30.45	0.6096
30.5	1.8288
30.55	0
30.6	0.3048
30.65	0.3048
30.7	0.3048
30.75	0
30.8	0.3048
30.85	0
30.9	0
30.95	0.3048
31	0.3048
31.05	0
31.1	0.3048
31.15	0
31.2	0.3048
31.25	0.3048
31.3	0.3048
31.35	0
31.4	0
31.45	0.3048
31.5	0.3048
31.55	0.3048
31.6	0.3048
31.65	0
31.7	0
31.75	0
31.8	0
31.85	0
31.9	0.3048
31.95	0.3048
32	0
32.05	0.3048
32.1	0
32.15	0
32.2	0
32.25	0.3048
32.3	0.3048
32.35	0.3048
32.4	0
32.45	0.3048
32.5	0
32.55	0
32.6	0
32.65	0
32.7	0
32.75	0.3048
32.8	0.3048
32.85	0.3048
32.9	0
32.95	0.3048
33	0
33.05	0
33.1	0
33.15	0
33.2	0.3048
33.25	0.3048
33.3	0.3048
33.35	0.3048
33.4	0
33.45	0.3048
33.5	0.3048
33.55	0
33.6	0.3048
33.65	0
33.7	0
33.75	0.3048
33.8	0.3048
33.85	0.3048
33.9	0.3048
33.95	0.3048
34	0
34.05	0
34.1	-0.3048
34.15	0.3048
34.2	0.3048
34.25	0
34.3	0
34.35	0
34.4	0.3048
34.45	0
34.5	0
34.55	0.3048
34.6	0.3048
34.65	0
34.7	0.3048
34.75	0
34.8	0
34.85	0.3048
34.9	0
34.95	0.3048
35	0
35.05	0
35.1	0
35.15	0
35.2	0
35.25	-0.3048
35.3	0.3048
35.35	0
35.4	0
35.45	0
35.5	0
35.55	0.3048
35.6	0
35.65	0.3048
35.7	0.3048
35.75	0
35.8	0
35.85	0
35.9	0.3048
35.95	0.3048
36	0
36.05	0.3048
36.1	0
36.15	0.3048
36.2	0
36.25	-0.3048
36.3	0
36.35	0
36.4	0.3048
36.45	0.3048
36.5	0.3048
36.55	0.3048
36.6	0.3048
36.65	0
36.7	0.3048
36.75	0.3048
36.8	83.51983296
36.85	83.24112384
36.9	83.05531776
36.95	82.86951168
37	82.77660864
37.05	82.59080256
37.1	82.40499648
37.15	82.03338432
37.2	82.2191904
37.25	81.94048128
37.3	81.84757824
37.35	81.7546752
37.4	81.66177216
37.45	81.38306304
37.5	81.10435392
37.55	80.91854784
37.6	80.8256448
37.65	80.63983872
37.7	80.54693568
37.75	80.54693568
37.8	80.3611296
37.85	80.26822656
37.9	80.08242048
37.95	79.8966144
38	79.61790528
38.05	79.4320992
38.1	79.15339008
38.15	79.06048704
38.2	78.78177792
38.25	78.87468096
38.3	78.87468096
38.35	78.5030688
38.4	78.31726272
38.45	78.13145664
38.5	77.94565056
38.55	77.75984448
38.6	77.75984448
38.65	77.5740384
38.7	77.48113536
38.75	77.1095232
38.8	77.01662016
38.85	76.92371712
38.9	76.83081408
38.95	76.55210496
39	76.55210496
39.05	76.36629888
39.1	75.90178368
39.15	75.90178368
39.2	75.62307456
39.25	75.53017152
39.3	75.53017152
39.35	75.43726848
39.4	75.2514624
39.45	75.06565632
39.5	74.97275328
39.55	74.7869472
39.6	74.41533504
39.65	74.322432
39.7	74.22952896
39.75	74.04372288
39.8	73.95081984
39.85	73.95081984
39.9	73.67211072
39.95	73.57920768
40	73.30049856
40.05	73.02178944
40.1	73.11469248
40.15	72.9288864
40.2	72.74308032
40.25	72.65017728
40.3	72.4643712
40.35	72.18566208
40.4	72.09275904
40.45	72.09275904
40.5	71.72114688
40.55	71.72114688
40.6	71.34953472
40.65	71.16372864
40.7	71.0708256
40.75	71.16372864
40.8	70.69921344
40.85	70.69921344
40.9	70.69921344
40.95	70.51340736
41	70.23469824
41.05	70.04889216
41.1	69.77018304
41.15	69.67728
41.2	69.58437696
41.25	69.39857088
41.3	69.39857088
41.35	69.2127648
41.4	69.11986176
41.45	68.84115264
41.5	68.84115264
41.55	68.65534656
41.6	68.37663744
41.65	68.19083136
41.7	68.19083136
41.75	67.91212224
41.8	67.72631616
41.85	67.63341312
41.9	67.44760704
41.95	67.44760704
42	66.8901888
42.05	66.8901888
42.1	66.8901888
42.15	66.79728576
42.2	66.51857664
42.25	66.51857664
42.3	66.33277056
42.35	66.14696448
42.4	66.05406144
42.45	65.9611584
42.5	65.58954624
42.55	65.4966432
42.6	65.40374016
42.65	65.12503104
42.7	65.21793408
42.75	65.032128
42.8	64.75341888
42.85	64.75341888
42.9	64.47470976
42.95	64.38180672
43	64.01019456
43.05	63.82438848
43.1	63.73148544
43.15	63.6385824
43.2	63.45277632
43.25	63.1740672
43.3	63.1740672
43.35	63.08116416
43.4	62.80245504
43.45	62.61664896
43.5	62.43084288
43.55	62.33793984
43.6	62.05923072
43.65	62.05923072
43.7	61.7805216
43.75	61.68761856
43.8	61.50181248
43.85	61.40890944
43.9	61.3160064
43.95	61.13020032
44	60.8514912
44.05	60.8514912
44.1	60.66568512
44.15	60.66568512
44.2	60.29407296
44.25	60.29407296
44.3	60.20116992
44.35	59.9224608
44.4	59.64375168
44.45	59.4579456
44.5	59.36504256
44.55	59.17923648
44.6	58.9934304
44.65	58.80762432
44.7	58.9934304
44.75	58.71472128
44.8	58.71472128
44.85	58.62181824
44.9	58.5289152
44.95	58.25020608
45	57.87859392
45.05	57.87859392
45.1	57.69278784
45.15	57.50698176
45.2	57.50698176
45.25	57.22827264
45.3	57.04246656
45.35	56.76375744
45.4	56.85666048
45.45	56.48504832
45.5	56.48504832
45.55	56.29924224
45.6	56.48504832
45.65	56.2063392
45.7	56.2063392
45.75	55.92763008
45.8	55.741824
45.85	55.55601792
45.9	55.37021184
45.95	55.18440576
46	55.18440576
46.05	54.99859968
46.1	54.99859968
46.15	54.8127936
46.2	54.44118144
46.25	54.62698752
46.3	54.44118144
46.35	54.3482784
46.4	54.16247232
46.45	53.97666624
46.5	53.79086016
46.55	53.60505408
46.6	53.60505408
46.65	53.32634496
46.7	53.23344192
46.75	53.23344192
46.8	52.9547328
46.85	52.86182976
46.9	52.67602368
46.95	52.58312064
47	52.58312064
47.05	52.21150848
47.1	52.21150848
47.15	52.0257024
47.2	51.83989632
47.25	51.93279936
47.3	51.74699328
47.35	51.46828416
47.4	51.37538112
47.45	51.096672
47.5	51.00376896
47.55	50.81796288
47.6	50.72505984
47.65	50.6321568
47.7	50.44635072
47.75	50.26054464
47.8	50.26054464
47.85	50.1676416
47.9	50.1676416
47.95	49.88893248
48	49.61022336
48.05	49.42441728
48.1	49.42441728
48.15	49.42441728
48.2	49.05280512
48.25	48.86699904
48.3	48.774096
48.35	48.68119296
48.4	48.49538688
48.45	48.58828992
48.5	48.3095808
48.55	48.49538688
48.6	48.21667776
48.65	48.03087168
48.7	47.56635648
48.75	47.56635648
48.8	47.28764736
48.85	47.3805504
48.9	47.19474432
48.95	47.10184128
49	47.10184128
49.05	46.9160352
49.1	46.63732608
49.15	46.54442304
49.2	46.45152
49.25	46.26571392
49.3	46.17281088
49.35	45.89410176
49.4	46.07990784
49.45	45.89410176
49.5	45.70829568
49.55	45.5224896
49.6	45.42958656
49.65	45.15087744
49.7	45.0579744
49.75	44.96507136
49.8	44.77926528
49.85	44.68636224
49.9	44.50055616
49.95	44.40765312
50	44.40765312
50.05	44.31475008
50.1	44.22184704
50.15	44.03604096
50.2	43.85023488
50.25	43.94313792
50.3	43.75733184
50.35	43.47862272
50.4	43.38571968
50.45	43.1999136
50.5	43.29281664
50.55	43.01410752
50.6	43.01410752
50.65	42.82830144
50.7	42.54959232
50.75	42.36378624
50.8	42.2708832
50.85	42.17798016
50.9	41.89927104
50.95	41.806368
51	41.89927104
51.05	41.71346496
51.1	41.71346496
51.15	41.43475584
51.2	41.15604672
51.25	41.15604672
51.3	41.06314368
51.35	40.8773376
51.4	40.78443456
51.45	40.59862848
51.5	40.4128224
51.55	40.4128224
51.6	40.22701632
51.65	40.04121024
51.7	39.9483072
51.75	39.66959808
51.8	39.57669504
51.85	39.66959808
51.9	39.57669504
51.95	39.39088896
52	39.20508288
52.05	39.11217984
52.1	39.20508288
52.15	38.92637376
52.2	38.74056768
52.25	38.64766464
52.3	38.5547616
52.35	38.36895552
52.4	38.27605248
52.45	38.27605248
52.5	37.99734336
52.55	37.6257312
52.6	37.6257312
52.65	37.53282816
52.7	37.43992512
52.75	37.25411904
52.8	37.25411904
52.85	37.06831296
52.9	37.161216
52.95	36.88250688
53	36.6967008
53.05	36.51089472
53.1	36.41799168
53.15	36.32508864
53.2	36.13928256
53.25	36.13928256
53.3	35.95347648
53.35	35.67476736
53.4	35.58186432
53.45	35.48896128
53.5	35.48896128
53.55	35.21025216
53.6	35.11734912
53.65	34.93154304
53.7	34.93154304
53.75	34.83864
53.8	34.74573696
53.85	34.65283392
53.9	34.28122176
53.95	34.28122176
54	34.09541568
54.05	34.00251264
54.1	34.00251264
54.15	33.63090048
54.2	33.72380352
54.25	33.4450944
54.3	33.35219136
54.35	33.25928832
54.4	32.9805792
54.45	32.88767616
54.5	32.88767616
54.55	32.60896704
54.6	32.60896704
54.65	32.516064
54.7	32.42316096
54.75	32.23735488
54.8	32.0515488
54.85	31.95864576
54.9	31.67993664
54.95	31.5870336
55	31.67993664
55.05	31.30832448
55.1	31.1225184
55.15	31.02961536
55.2	30.84380928
55.25	30.84380928
55.3	30.75090624
55.35	30.6580032
55.4	30.56510016
55.45	30.37929408
55.5	30.193488
55.55	30.193488
55.6	29.7289728
55.65	29.82187584
55.7	29.45026368
55.75	29.35736064
55.8	29.2644576
55.85	29.2644576
55.9	28.98574848
55.95	28.98574848
56	29.2644576
56.05	28.7999424
56.1	28.61413632
56.15	28.42833024
56.2	28.3354272
56.25	28.14962112
56.3	28.14962112
56.35	28.05671808
56.4	27.77800896
56.45	27.59220288
56.5	27.59220288
56.55	27.22059072
56.6	27.12768768
56.65	26.84897856
56.7	26.84897856
56.75	26.66317248
56.8	26.4773664
56.85	26.38446336
56.9	26.29156032
56.95	26.19865728
57	26.0128512
57.05	25.82704512
57.1	25.82704512
57.15	25.73414208
57.2	25.45543296
57.25	25.45543296
57.3	25.17672384
57.35	25.26962688
57.4	24.99091776
57.45	24.89801472
57.5	24.6193056
57.55	24.52640256
57.6	24.52640256
57.65	24.34059648
57.7	24.06188736
57.75	23.87608128
57.8	23.78317824
57.85	23.59737216
57.9	23.50446912
57.95	23.31866304
58	23.13285696
58.05	22.94705088
58.1	22.85414784
58.15	22.85414784
58.2	22.66834176
58.25	22.57543872
58.3	22.2967296
58.35	22.2967296
58.4	22.11092352
58.45	22.01802048
58.5	21.73931136
58.55	21.55350528
58.6	21.64640832
58.65	21.46060224
58.7	21.3676992
58.75	20.99608704
58.8	20.81028096
58.85	20.62447488
58.9	20.53157184
58.95	20.4386688
59	20.34576576
59.05	20.06705664
59.1	19.88125056
59.15	19.78834752
59.2	19.60254144
59.25	19.41673536
59.3	19.32383232
59.35	18.95222016
59.4	18.85931712
59.45	18.76641408
59.5	18.67351104
59.55	18.580608
59.6	18.30189888
59.65	18.30189888
59.7	18.02318976
59.75	17.83738368
59.8	17.6515776
59.85	17.46577152
59.9	17.46577152
59.95	17.27996544
60	17.09415936
60.05	17.27996544
60.1	16.90835328
60.15	16.81545024
60.2	16.62964416
60.25	16.44383808
60.3	16.258032
60.35	16.16512896
60.4	16.07222592
60.45	15.88641984
60.5	15.7935168
60.55	15.60771072
60.6	15.42190464
60.65	15.3290016
60.7	15.05029248
60.75	14.77158336
60.8	14.77158336
60.85	14.77158336
60.9	14.49287424
60.95	14.12126208
61	13.935456
61.05	13.935456
61.1	13.935456
61.15	13.65674688
61.2	13.56384384
61.25	13.37803776
61.3	13.19223168
61.35	13.19223168
61.4	12.91352256
61.45	13.0064256
61.5	12.82061952
61.55	12.5419104
61.6	12.26320128
61.65	12.26320128
61.7	12.0773952
61.75	11.98449216
61.8	11.79868608
61.85	11.70578304
61.9	11.51997696
61.95	11.33417088
62	11.24126784
62.05	11.05546176
62.1	10.96255872
62.15	10.96255872
62.2	10.49804352
62.25	10.49804352
62.3	10.31223744
62.35	10.31223744
62.4	10.03352832
62.45	9.94062528
62.5	9.84772224
62.55	9.7548192
62.6	9.56901312
62.65	9.47611008
62.7	9.19740096
62.75	9.19740096
62.8	8.91869184
62.85	8.8257888
62.9	8.73288576
62.95	8.54707968
63	8.3612736
63.05	8.3612736
63.1	8.17546752
63.15	7.8967584
63.2	7.71095232
63.25	7.71095232
63.3	7.4322432
63.35	7.4322432
63.4	7.15353408
63.45	7.06063104
63.5	6.78192192
63.55	6.87482496
63.6	6.68901888
63.65	6.59611584
63.7	6.59611584
63.75	6.22450368
63.8	6.0386976
63.85	6.0386976
63.9	5.75998848
63.95	5.66708544
64	5.48127936
64.05	5.20257024
64.1	5.1096672
64.15	5.01676416
64.2	4.92386112
64.25	4.73805504
64.3	4.645152
64.35	4.45934592
64.4	4.1806368
64.45	4.08773376
64.5	3.90192768
64.55	3.7161216
64.6	3.7161216
64.65	3.53031552
64.7	3.53031552
64.75	3.34450944
64.8	3.43741248
64.85	3.2516064
64.9	3.06580032
64.95	2.87999424
65	2.69418816
65.05	2.41547904
65.1	2.22967296
65.15	2.04386688
65.2	1.95096384
65.25	1.76515776
65.3	1.76515776
65.35	1.48644864
65.4	1.30064256
65.45	1.20773952
65.5	1.02193344
65.55	1.02193344
65.6	0.74322432
65.65	0.65032128
65.7	0.4645152
65.75	0.37161216
65.8	0.09290304
65.85	0
65.9	0.09290304
65.95	-0.09290304
66	-0.37161216
66.05	-0.65032128
66.1	-0.83612736
66.15	-0.83612736
66.2	-0.83612736
66.25	-1.02193344
66.3	-1.95096384
66.35	-1.95096384
66.4	-1.67225472
66.45	-1.8580608
66.5	-1.67225472
66.55	-1.67225472
66.6	-1.76515776
66.65	-1.76515776
66.7	-1.8580608
66.75	-1.8580608
66.8	-1.8580608
66.85	-1.95096384
66.9	-1.8580608
66.95	-1.8580608
67	-1.76515776
67.05	-1.8580608
67.1	-1.8580608
67.15	-1.95096384
67.2	-1.95096384
67.25	-1.8580608
67.3	-1.76515776
67.35	-1.76515776
67.4	-1.8580608
67.45	-1.8580608
67.5	-1.8580608
67.55	-1.76515776
67.6	-1.8580608
67.65	-1.8580608
67.7	-1.95096384
67.75	-1.76515776
67.8	-1.8580608
67.85	-1.76515776
67.9	-1.8580608
67.95	-1.8580608
68	-1.8580608
68.05	-1.8580608
68.1	-1.8580608
68.15	-1.76515776
68.2	-1.8580608
68.25	-1.8580608
68.3	-1.8580608
68.35	-1.95096384
68.4	-1.8580608
68.45	-1.8580608
68.5	-1.8580608
68.55	-1.8580608
68.6	-1.8580608
68.65	-1.95096384
68.7	-1.95096384
68.75	-1.8580608
68.8	-1.76515776
68.85	-1.8580608
68.9	-1.95096384
68.95	-1.8580608
69	-1.95096384
69.05	-1.95096384
69.1	-1.8580608
69.15	-1.95096384
69.2	-1.8580608
69.25	-1.8580608
69.3	-1.95096384
69.35	-1.76515776
69.4	-1.95096384
69.45	-1.67225472
69.5	-1.8580608
69.55	-1.76515776
69.6	-1.8580608
69.65	-1.76515776
69.7	-1.8580608
69.75	-1.8580608
69.8	-1.76515776
69.85	-1.8580608
69.9	-1.95096384
69.95	-1.8580608
70	-1.95096384
70.05	-1.95096384
70.1	-1.8580608
70.15	-1.8580608
70.2	-1.8580608
70.25	-1.8580608
70.3	-1.95096384
70.35	-1.8580608
70.4	-1.76515776
70.45	-1.76515776
70.5	-1.8580608
70.55	-1.8580608
70.6	-1.8580608
70.65	-1.8580608
70.7	-1.95096384
70.75	-1.76515776
70.8	-1.95096384
70.85	-1.76515776
70.9	-1.8580608
70.95	-2.04386688
71	-1.8580608
71.05	-1.8580608
71.1	-1.76515776
71.15	-1.8580608
71.2	-1.95096384
71.25	-1.76515776
71.3	-1.8580608
71.35	-1.76515776
71.4	-1.8580608
71.45	-1.8580608
71.5	-1.8580608
71.55	-1.76515776
71.6	-1.95096384
71.65	-1.8580608
71.7	-1.8580608
71.75	-1.8580608
71.8	-1.95096384
71.85	-2.04386688
71.9	-1.8580608
71.95	-1.8580608
72	-1.95096384
72.05	-1.95096384
72.1	-1.76515776
72.15	-1.95096384
72.2	-1.8580608
72.25	-1.95096384
72.3	-1.76515776
72.35	-1.8580608
72.4	-1.8580608
72.45	-1.76515776
72.5	-1.8580608
72.55	-1.8580608
72.6	-1.95096384
72.65	-1.8580608
72.7	-1.95096384
72.75	-1.8580608
72.8	-1.76515776
72.85	-1.8580608
72.9	-1.95096384
72.95	-1.67225472
73	-1.8580608
73.05	-1.8580608
73.1	-1.95096384
73.15	-1.8580608
73.2	-1.8580608
73.25	-1.8580608
73.3	-2.04386688
73.35	-1.95096384
73.4	-1.8580608
73.45	-1.8580608
73.5	-1.8580608
73.55	-1.8580608
