#Netuno-R-B/Galateia-4			LT 20 Nov 2022		StratoLoggerCF (SL-9)
#t(s)	h (m)
0	0.6096
0.05	0.6096
0.1	0.6096
0.15	0.6096
0.2	0.6096
0.25	0.6096
0.3	1.524
0.35	1.2192
0.4	1.8288
0.45	2.1336
0.5	3.3528
0.55	3.9624
0.6	5.1816
0.65	6.096
0.7	7.9248
0.75	9.7536
0.8	11.5824
0.85	14.3256
0.9	16.4592
0.95	18.8976
1	21.6408
1.05	24.6888
1.1	28.0416
1.15	31.3944
1.2	35.3568
1.25	38.7096
1.3	42.672
1.35	46.9392
1.4	51.5112
1.45	55.1688
1.5	60.0456
1.55	63.7032
1.6	67.6656
1.65	71.9328
1.7	76.5048
1.75	80.4672
1.8	84.4296
1.85	88.392
1.9	92.964
1.95	97.2312
2	100.584
2.05	105.156
2.1	108.5088
2.15	112.4712
2.2	116.4336
2.25	119.4816
2.3	123.444
2.35	127.1016
2.4	130.7592
2.45	134.4168
2.5	138.3792
2.55	141.732
2.6	145.0848
2.65	149.0472
2.7	152.0952
2.75	155.7528
2.8	159.1056
2.85	163.3728
2.9	166.4208
2.95	170.0784
3	173.4312
3.05	177.3936
3.1	181.0512
3.15	184.404
3.2	187.452
3.25	190.8048
3.3	194.1576
3.35	197.5104
3.4	200.5584
3.45	203.6064
3.5	206.6544
3.55	209.0928
3.6	212.4456
3.65	215.1888
3.7	218.2368
3.75	220.6752
3.8	223.1136
3.85	225.2472
3.9	227.9904
3.95	230.124
4	233.172
4.05	235.6104
4.1	238.0488
4.15	240.792
4.2	243.2304
4.25	245.6688
4.3	247.8024
4.35	250.5456
4.4	252.6792
4.45	255.4224
4.5	257.556
4.55	259.6896
4.6	262.128
4.65	264.5664
4.7	267.0048
4.75	269.1384
4.8	271.5768
4.85	273.4056
4.9	275.844
4.95	278.5872
5	280.416
5.05	282.5496
5.1	284.988
5.15	287.4264
5.2	289.2552
5.25	291.6936
5.3	293.8272
5.35	296.2656
5.4	298.704
5.45	300.8376
5.5	302.6664
5.55	304.4952
5.6	306.9336
5.65	308.1528
5.7	310.5912
5.75	312.7248
5.8	314.2488
5.85	315.468
5.9	317.6016
5.95	318.8208
6	320.3448
6.05	321.564
6.1	322.7832
6.15	324.9168
6.2	325.8312
6.25	327.0504
6.3	327.9648
6.35	329.4888
6.4	331.0128
6.45	331.9272
6.5	333.1464
6.55	334.6704
6.6	336.1944
6.65	337.1088
6.7	338.0232
6.75	340.1568
6.8	340.7664
6.85	341.9856
6.9	343.2048
6.95	343.8144
7	345.0336
7.05	346.2528
7.1	347.472
7.15	348.3864
7.2	349.6056
7.25	350.52
7.3	351.7392
7.35	352.6536
7.4	353.568
7.45	353.8728
7.5	355.092
7.55	355.7016
7.6	356.9208
7.65	357.2256
7.7	357.8352
7.75	358.7496
7.8	359.9688
7.85	360.8832
7.9	361.4928
7.95	363.3216
8	363.9312
8.05	365.1504
8.1	366.0648
8.15	366.9792
8.2	368.1984
8.25	369.1128
8.3	370.0272
8.35	370.6368
8.4	371.2464
8.45	372.4656
8.5	373.0752
8.55	373.9896
8.6	373.9896
8.65	374.2944
8.7	374.904
8.75	374.904
8.8	375.2088
8.85	375.5136
8.9	376.1232
8.95	376.1232
9	375.8184
9.05	375.5136
9.1	375.8184
9.15	375.8184
9.2	375.8184
9.25	375.5136
9.3	375.8184
9.35	375.5136
9.4	375.2088
9.45	374.5992
9.5	374.904
9.55	374.904
9.6	374.5992
9.65	373.9896
9.7	374.2944
9.75	374.5992
9.8	373.6848
9.85	373.38
9.9	372.4656
9.95	372.1608
10	370.9416
10.05	370.0272
10.1	370.6368
10.15	369.4176
10.2	369.1128
10.25	369.1128
10.3	367.5888
10.35	366.3696
10.4	366.6744
10.45	366.3696
10.5	366.3696
10.55	366.9792
10.6	366.3696
10.65	367.284
10.7	366.6744
10.75	367.284
10.8	366.9792
10.85	366.0648
10.9	365.76
10.95	364.8456
11	364.8456
11.05	366.0648
11.1	367.5888
11.15	359.664
11.2	358.7496
11.25	363.6264
11.3	359.664
11.35	361.4928
11.4	367.284
11.45	366.9792
11.5	366.6744
11.55	367.5888
11.6	358.14
11.65	356.0064
11.7	354.1776
11.75	353.8728
11.8	352.9584
11.85	353.568
11.9	353.8728
11.95	354.7872
12	355.092
12.05	354.7872
12.1	357.5304
12.15	359.9688
12.2	357.5304
12.25	357.2256
12.3	357.2256
12.35	353.568
12.4	349.3008
12.45	348.0816
12.5	346.5576
12.55	345.948
12.6	345.0336
12.65	344.424
12.7	345.948
12.75	347.7768
12.8	349.9104
12.85	351.1296
12.9	349.6056
12.95	344.7288
13	343.8144
13.05	341.9856
13.1	342.2904
13.15	341.0712
13.2	340.4616
13.25	339.852
13.3	338.9376
13.35	339.2424
13.4	338.328
13.45	338.0232
13.5	337.4136
13.55	338.6328
13.6	341.9856
13.65	344.424
13.7	345.0336
13.75	343.8144
13.8	342.2904
13.85	340.1568
13.9	339.5472
13.95	339.852
14	339.852
14.05	339.5472
14.1	338.328
14.15	337.1088
14.2	335.8896
14.25	334.6704
14.3	333.1464
14.35	332.8416
14.4	331.6224
14.45	330.0984
14.5	330.708
14.55	330.4032
14.6	330.0984
14.65	329.4888
14.7	327.66
14.75	325.5264
14.8	324.3072
14.85	323.3928
14.9	323.3928
14.95	323.6976
15	323.3928
15.05	322.7832
15.1	322.4784
15.15	322.7832
15.2	321.564
15.25	321.564
15.3	320.9544
15.35	320.3448
15.4	321.2592
15.45	324.9168
15.5	327.9648
15.55	329.184
15.6	327.66
15.65	327.0504
15.7	325.8312
15.75	324.9168
15.8	324.3072
15.85	323.088
15.9	320.3448
15.95	315.7728
16	313.0296
16.05	312.1152
16.1	311.8104
16.15	312.1152
16.2	311.8104
16.25	311.8104
16.3	311.2008
16.35	310.2864
16.4	310.896
16.45	309.9816
16.5	310.5912
16.55	309.372
16.6	308.4576
16.65	308.4576
16.7	307.5432
16.75	307.2384
16.8	307.5432
16.85	309.372
16.9	310.896
16.95	312.1152
17	312.42
17.05	312.42
17.1	312.7248
17.15	312.42
17.2	311.5056
17.25	311.2008
17.3	310.896
17.35	309.6768
17.4	308.7624
17.45	307.848
17.5	304.1904
17.55	300.8376
17.6	299.0088
17.65	298.0944
17.7	297.18
17.75	297.4848
17.8	299.0088
17.85	303.276
17.9	304.1904
17.95	302.6664
18	301.752
18.05	302.0568
18.1	297.18
18.15	293.8272
18.2	292.9128
18.25	292.9128
18.3	292.608
18.35	291.9984
18.4	293.5224
18.45	295.656
18.5	295.656
18.55	295.3512
18.6	295.656
18.65	294.4368
18.7	291.9984
18.75	288.6456
18.8	288.3408
18.85	287.1216
18.9	287.4264
18.95	288.6456
19	288.9504
19.05	288.9504
19.1	287.4264
19.15	284.988
19.2	283.1592
19.25	283.1592
19.3	282.5496
19.35	281.94
19.4	282.2448
19.45	281.94
19.5	281.6352
19.55	283.7688
19.6	285.9024
19.65	287.1216
19.7	287.1216
19.75	284.988
19.8	281.3304
19.85	278.5872
19.9	277.368
19.95	277.0632
20	277.9776
20.05	279.8064
20.1	280.416
20.15	280.416
20.2	279.5016
20.25	278.892
20.3	277.9776
20.35	275.5392
20.4	273.4056
20.45	272.4912
20.5	270.9672
20.55	270.3576
20.6	269.748
20.65	269.4432
20.7	269.1384
20.75	268.5288
20.8	267.6144
20.85	267.9192
20.9	267.6144
20.95	267.9192
21	270.3576
21.05	273.7104
21.1	275.2344
21.15	274.6248
21.2	274.32
21.25	273.4056
21.3	271.5768
21.35	270.6624
21.4	269.748
21.45	268.8336
21.5	267.3096
21.55	264.2616
21.6	260.604
21.65	259.3848
21.7	258.4704
21.75	257.8608
21.8	257.556
21.85	257.2512
21.9	257.8608
21.95	260.2992
22	263.0424
22.05	263.3472
22.1	262.4328
22.15	260.2992
22.2	255.7272
22.25	254.508
22.3	253.8984
22.35	253.2888
22.4	255.1176
22.45	258.4704
22.5	259.3848
22.55	258.4704
22.6	257.556
22.65	257.556
22.7	256.9464
22.75	256.032
22.8	254.2032
22.85	253.5936
22.9	254.508
22.95	253.8984
23	252.6792
23.05	247.8024
23.1	246.2784
23.15	245.364
23.2	244.7544
23.25	243.84
23.3	244.4496
23.35	245.364
23.4	250.2408
23.45	252.0696
23.5	249.0216
23.55	248.412
23.6	249.6312
23.65	247.1928
23.7	245.6688
23.75	244.4496
23.8	244.1448
23.85	243.5352
23.9	241.4016
23.95	237.744
24	236.8296
24.05	235.6104
24.1	236.22
24.15	235.9152
24.2	235.3056
24.25	235.3056
24.3	235.0008
24.35	234.696
24.4	233.7816
24.45	233.7816
24.5	232.2576
24.55	232.2576
24.6	231.648
24.65	231.648
24.7	231.0384
24.75	230.4288
24.8	230.124
24.85	229.8192
24.9	230.7336
24.95	231.3432
25	233.4768
25.05	234.3912
25.1	233.7816
25.15	231.648
25.2	229.2096
25.25	227.3808
25.3	226.1616
25.35	224.9424
25.4	224.3328
25.45	223.4184
25.5	222.8088
25.55	222.1992
25.6	222.1992
25.65	221.2848
25.7	221.5896
25.75	220.6752
25.8	220.6752
25.85	222.504
25.9	225.552
25.95	227.076
26	226.4664
26.05	224.3328
26.1	220.98
26.15	219.1512
26.2	217.6272
26.25	216.7128
26.3	217.3224
26.35	217.6272
26.4	217.932
26.45	217.0176
26.5	216.1032
26.55	216.1032
26.6	215.7984
26.65	216.1032
26.7	216.1032
26.75	213.36
26.8	210.6168
26.85	209.7024
26.9	208.788
26.95	208.1784
27	207.264
27.05	207.5688
27.1	206.3496
27.15	206.3496
27.2	207.264
27.25	206.6544
27.3	205.4352
27.35	204.5208
27.4	203.9112
27.45	203.9112
27.5	204.8256
27.55	209.3976
27.6	212.1408
27.65	211.5312
27.7	210.9216
27.75	210.0072
27.8	208.1784
27.85	207.5688
27.9	206.3496
27.95	204.8256
28	203.3016
28.05	200.8632
28.1	199.644
28.15	197.2056
28.2	195.3768
28.25	194.1576
28.3	192.9384
28.35	192.3288
28.4	192.3288
28.45	192.9384
28.5	192.6336
28.55	192.3288
28.6	192.024
28.65	191.1096
28.7	190.5
28.75	190.8048
28.8	190.1952
28.85	188.976
28.9	188.976
28.95	190.8048
29	193.548
29.05	195.072
29.1	193.2432
29.15	192.6336
29.2	192.024
29.25	192.024
29.3	192.6336
29.35	192.3288
29.4	190.1952
29.45	186.8424
29.5	182.5752
29.55	180.4416
29.6	180.1368
29.65	179.832
29.7	179.832
29.75	180.1368
29.8	181.6608
29.85	183.4896
29.9	182.2704
29.95	181.0512
30	179.5272
30.05	179.2224
30.1	179.5272
30.15	179.832
30.2	179.832
30.25	178.6128
30.3	175.5648
30.35	175.26
30.4	174.6504
30.45	174.9552
30.5	175.5648
30.55	176.1744
30.6	175.8696
30.65	175.5648
30.7	176.1744
30.75	175.8696
30.8	175.8696
30.85	175.26
30.9	170.9928
30.95	167.64
31	166.7256
31.05	165.5064
31.1	165.5064
31.15	165.5064
31.2	165.5064
31.25	169.164
31.3	172.5168
31.35	173.736
31.4	172.8216
31.45	171.6024
31.5	169.164
31.55	166.116
31.6	165.5064
31.65	166.4208
31.7	166.4208
31.75	166.4208
31.8	165.2016
31.85	164.592
31.9	163.3728
31.95	162.4584
32	160.9344
32.05	159.4104
32.1	156.972
32.15	155.7528
32.2	155.1432
32.25	154.5336
32.3	153.924
32.35	153.6192
32.4	153.3144
32.45	153.3144
32.5	157.5816
32.55	159.1056
32.6	158.8008
32.65	158.1912
32.7	156.972
32.75	153.0096
32.8	149.9616
32.85	148.7424
32.9	148.1328
32.95	147.5232
33	146.6088
33.05	145.3896
33.1	146.6088
33.15	145.6944
33.2	143.8656
33.25	143.5608
33.3	145.0848
33.35	145.6944
33.4	153.0096
33.45	153.3144
33.5	152.4
33.55	152.7048
33.6	145.3896
33.65	141.4272
33.7	140.8176
33.75	140.208
33.8	140.5128
33.85	142.6464
33.9	143.8656
33.95	142.9512
34	142.6464
34.05	142.6464
34.1	142.6464
34.15	142.0368
34.2	139.9032
34.25	137.4648
34.3	135.3312
34.35	134.4168
34.4	134.4168
34.45	132.8928
34.5	132.2832
34.55	132.2832
34.6	131.3688
34.65	131.9784
34.7	131.064
34.75	134.4168
34.8	138.3792
34.85	137.7696
34.9	137.7696
34.95	137.16
35	135.3312
35.05	132.8928
35.1	132.2832
35.15	132.588
35.2	133.1976
35.25	132.8928
35.3	131.064
35.35	126.7968
35.4	124.6632
35.45	122.8344
35.5	121.92
35.55	121.92
35.6	121.92
35.65	121.92
35.7	123.7488
35.75	127.4064
35.8	128.6256
35.85	127.7112
35.9	124.3584
35.95	120.396
36	118.872
36.05	118.2624
36.1	117.9576
36.15	119.7864
36.2	121.6152
36.25	121.6152
36.3	119.4816
36.35	117.348
36.4	116.1288
36.45	114.3
36.5	114.3
36.55	113.0808
36.6	113.6904
36.65	113.3856
36.7	112.1664
36.75	111.252
36.8	111.252
36.85	110.9472
36.9	110.9472
36.95	113.9952
37	118.2624
37.05	119.4816
37.1	118.5672
37.15	118.2624
37.2	116.1288
37.25	113.3856
37.3	110.9472
37.35	110.0328
37.4	109.4232
37.45	106.9848
37.5	105.156
37.55	103.9368
37.6	102.7176
37.65	102.4128
37.7	102.108
37.75	102.108
37.8	102.108
37.85	102.4128
37.9	104.8512
37.95	106.3752
38	105.156
38.05	101.1936
38.1	99.9744
38.15	99.9744
38.2	99.06
38.25	98.4504
38.3	103.632
38.35	106.68
38.4	105.4608
38.45	104.8512
38.5	103.632
38.55	101.8032
38.6	99.3648
38.65	99.6696
38.7	100.2792
38.75	99.06
38.8	95.4024
38.85	91.7448
38.9	91.44
38.95	90.8304
39	90.5256
39.05	89.6112
39.1	88.6968
39.15	88.392
39.2	89.3064
39.25	89.6112
39.3	89.6112
39.35	89.3064
39.4	90.2208
39.45	89.6112
39.5	89.916
39.55	89.916
39.6	90.5256
39.65	91.1352
39.7	90.5256
39.75	90.5256
39.8	90.2208
39.85	89.916
39.9	88.392
39.95	87.4776
40	86.5632
40.05	85.0392
40.1	83.5152
40.15	82.9056
40.2	81.9912
40.25	81.3816
40.3	78.6384
40.35	77.1144
40.4	76.5048
40.45	77.1144
40.5	76.5048
40.55	76.2
40.6	75.8952
40.65	75.5904
40.7	75.2856
40.75	74.676
40.8	74.9808
40.85	74.0664
40.9	74.0664
40.95	74.0664
41	74.676
41.05	74.676
41.1	76.2
41.15	77.4192
41.2	77.724
41.25	77.724
41.3	76.5048
41.35	75.5904
41.4	75.2856
41.45	75.2856
41.5	74.3712
41.55	72.8472
41.6	71.9328
41.65	71.9328
41.7	72.2376
41.75	71.628
41.8	69.7992
41.85	67.056
41.9	64.9224
41.95	63.3984
42	62.7888
42.05	62.484
42.1	61.8744
42.15	61.5696
42.2	60.6552
42.25	60.0456
42.3	60.0456
42.35	59.436
42.4	58.8264
42.45	58.2168
42.5	57.6072
42.55	60.0456
42.6	61.5696
42.65	61.2648
42.7	60.0456
42.75	56.6928
42.8	54.864
42.85	54.2544
42.9	53.9496
42.95	53.6448
43	52.7304
43.05	52.7304
43.1	52.1208
43.15	51.816
43.2	51.816
43.25	52.4256
43.3	52.4256
43.35	53.0352
43.4	53.6448
43.45	54.864
43.5	55.7784
43.55	55.1688
43.6	54.864
43.65	53.9496
43.7	52.7304
43.75	50.9016
43.8	49.9872
43.85	48.768
43.9	47.244
43.95	45.1104
44	44.196
44.05	43.5864
44.1	43.8912
44.15	43.8912
44.2	45.4152
44.25	46.9392
44.3	46.9392
44.35	45.72
44.4	43.8912
44.45	42.0624
44.5	39.9288
44.55	39.0144
44.6	38.1
44.65	36.8808
44.7	36.576
44.75	35.3568
44.8	35.3568
44.85	35.3568
44.9	34.4424
44.95	33.8328
45	34.1376
45.05	33.2232
45.1	32.004
45.15	32.3088
45.2	32.9184
45.25	31.6992
45.3	32.6136
45.35	35.9664
45.4	35.052
45.45	32.004
45.5	29.5656
45.55	29.5656
45.6	28.6512
45.65	28.3464
45.7	28.0416
45.75	28.6512
45.8	33.528
45.85	36.576
45.9	36.2712
45.95	35.052
46	32.6136
46.05	28.0416
46.1	25.6032
46.15	24.6888
46.2	24.384
46.25	25.2984
46.3	25.2984
46.35	25.2984
46.4	24.6888
46.45	23.7744
46.5	22.2504
46.55	20.1168
46.6	19.2024
46.65	18.8976
46.7	18.288
46.75	18.5928
46.8	17.3736
46.85	18.5928
46.9	22.2504
46.95	23.7744
47	23.7744
47.05	21.9456
47.1	19.5072
47.15	19.2024
47.2	20.4216
47.25	21.0312
47.3	21.336
47.35	20.7264
47.4	19.5072
47.45	17.3736
47.5	16.1544
47.55	14.3256
47.6	11.5824
47.65	9.7536
47.7	9.144
47.75	8.8392
47.8	7.9248
47.85	10.0584
47.9	12.4968
47.95	12.4968
48	10.668
48.05	8.2296
48.1	7.0104
48.15	6.096
48.2	7.0104
48.25	8.2296
48.3	9.4488
48.35	9.4488
48.4	8.8392
48.45	8.5344
48.5	7.62
48.55	7.3152
48.6	7.0104
48.65	6.7056
48.7	6.7056
48.75	6.4008
48.8	6.4008
48.85	5.1816
48.9	4.572
48.95	1.524
49	-0.6096
49.05	-2.1336
49.1	-2.1336
49.15	-2.1336
49.2	-1.8288
49.25	-0.9144
49.3	-0.3048
49.35	-1.2192
49.4	-3.3528
49.45	-4.572
49.5	-4.572
49.55	-4.572
49.6	-3.9624
49.65	-1.8288
49.7	-2.7432
49.75	-4.2672
49.8	-4.2672
49.85	-1.524
49.9	-0.3048
49.95	-2.7432
50	-7.3152
50.05	-6.4008
50.1	-1.2192
50.15	-7.9248
50.2	-12.192
50.25	-10.9728
50.3	-5.7912
50.35	-1.2192
50.4	-1.2192
50.45	-2.1336
50.5	-2.1336
50.55	-3.9624
50.6	-5.1816
50.65	-6.4008
50.7	-6.7056
50.75	-7.0104
50.8	-6.7056
50.85	-6.7056
50.9	-6.7056
50.95	-6.7056
51	-6.7056
51.05	-6.7056
51.1	-6.7056
51.15	-7.0104
51.2	-6.7056
51.25	-6.7056
51.3	-6.4008
51.35	-6.7056
51.4	-6.7056
51.45	-6.7056
51.5	-6.7056
51.55	-7.0104
51.6	-7.0104
51.65	-6.4008
51.7	-6.4008
51.75	-6.7056
51.8	-6.7056
51.85	-6.7056
51.9	-6.7056
51.95	-6.7056
52	-6.096
52.05	-6.4008
52.1	-6.7056
52.15	-6.7056
52.2	-6.7056
52.25	-6.7056
52.3	-7.0104
52.35	-6.7056
52.4	-6.7056
52.45	-6.4008
52.5	-7.0104
52.55	-7.0104
52.6	-6.7056
52.65	-6.4008
52.7	-6.4008
52.75	-6.7056
52.8	-6.4008
52.85	-6.7056
52.9	-6.4008
52.95	-6.096
53	-6.7056
53.05	-6.7056
53.1	-6.096
53.15	-6.7056
53.2	-6.7056
53.25	-6.7056
53.3	-6.7056
53.35	-7.0104
53.4	-7.0104
53.45	-6.7056
53.5	-6.4008
53.55	-6.4008
53.6	-7.0104
53.65	-6.7056
53.7	-6.4008
53.75	-6.7056
53.8	-6.7056
53.85	-6.4008
53.9	-6.7056
53.95	-6.4008
54	-7.3152
54.05	-7.0104
54.1	-6.7056
54.15	-6.7056
54.2	-6.7056
54.25	-6.7056
54.3	-6.4008
54.35	-6.4008
54.4	-6.7056
54.45	-7.0104
54.5	-7.0104
54.55	-6.4008
54.6	-6.7056
54.65	-7.0104
54.7	-6.7056
54.75	-6.7056
54.8	-6.7056
54.85	-6.7056
54.9	-6.7056
54.95	-6.4008
55	-6.7056
55.05	-6.7056
55.1	-6.7056
55.15	-6.096
55.2	-6.4008
55.25	-6.7056
55.3	-6.7056
55.35	-6.7056
55.4	-6.096
55.45	-6.4008
55.5	-6.4008
55.55	-6.7056
55.6	-6.096
55.65	-6.7056
55.7	-6.7056
55.75	-6.7056
55.8	-6.7056
55.85	-6.7056
55.9	-6.4008
55.95	-6.096
56	-6.096
56.05	-6.4008
56.1	-6.7056
56.15	-6.096
56.2	-6.4008
56.25	-6.4008
56.3	-6.4008
56.35	-6.4008
56.4	-6.7056
56.45	-6.4008
56.5	-6.7056
56.55	-6.7056
56.6	-6.7056
56.65	-6.7056
56.7	-7.0104
56.75	-6.7056
56.8	-6.7056
56.85	-6.7056
56.9	-6.4008
56.95	-6.7056
57	-6.7056
57.05	-7.0104
57.1	-6.7056
57.15	-6.7056
57.2	-6.4008
57.25	-7.0104
57.3	-6.7056
57.35	-6.7056
57.4	-6.7056
57.45	-6.7056
57.5	-6.4008
57.55	-6.7056
