# Atom GFRJ-UFRJ-Canalle-2018-8-20
# t(s)	h (m)	
0	1.2192
0.05	0.9144
0.1	3.048
0.15	2.7432
0.2	2.4384
0.25	3.6576
0.3	4.8768
0.35	4.8768
0.4	5.7912
0.45	7.0104
0.5	7.9248
0.55	8.2296
0.6	10.668
0.65	11.5824
0.7	13.716
0.75	15.24
0.8	16.4592
0.85	18.8976
0.9	21.0312
0.95	23.1648
1	26.2128
1.05	28.3464
1.1	31.0896
1.15	34.4424
1.2	36.8808
1.25	40.2336
1.3	42.9768
1.35	46.9392
1.4	50.292
1.45	53.0352
1.5	57.6072
1.55	61.5696
1.6	65.8368
1.65	69.4944
1.7	73.7616
1.75	77.4192
1.8	81.6864
1.85	86.2584
1.9	90.5256
1.95	94.7928
2	99.3648
2.05	103.9368
2.1	109.1184
2.15	112.776
2.2	117.348
2.25	122.5296
2.3	127.7112
2.35	133.5024
2.4	139.2936
2.45	145.0848
2.5	150.5712
2.55	156.3624
2.6	162.7632
2.65	169.164
2.7	175.8696
2.75	181.9656
2.8	188.3664
2.85	194.7672
2.9	202.0824
2.95	207.8736
3	214.884
3.05	221.8944
3.1	229.5144
3.15	236.8296
3.2	243.84
3.25	251.46
3.3	258.7752
3.35	266.7
3.4	274.32
3.45	281.94
3.5	289.8648
3.55	297.4848
3.6	305.4096
3.65	313.6392
3.7	321.564
3.75	330.0984
3.8	338.328
3.85	346.5576
3.9	355.092
3.95	363.3216
4	371.856
4.05	381
4.1	389.5344
4.15	398.6784
4.2	406.908
4.25	415.7472
4.3	424.2816
4.35	433.7304
4.4	442.5696
4.45	451.7136
4.5	460.8576
4.55	469.392
4.6	479.1456
4.65	487.9848
4.7	497.1288
4.75	505.968
4.8	513.2832
4.85	519.9888
4.9	528.2184
4.95	538.2768
5	547.7256
5.05	556.26
5.1	564.1848
5.15	573.3288
5.2	583.9968
5.25	595.5792
5.3	605.9424
5.35	614.172
5.4	621.4872
5.45	630.936
5.5	642.8232
5.55	654.1008
5.6	663.2448
5.65	669.9504
5.7	678.18
5.75	688.5432
5.8	698.6016
5.85	707.7456
5.9	716.28
5.95	724.5096
6	734.2632
6.05	744.6264
6.1	755.904
6.15	766.2672
6.2	774.192
6.25	781.2024
6.3	789.7368
6.35	798.8808
6.4	809.244
6.45	817.7784
6.5	827.2272
6.55	836.0664
6.6	845.5152
6.65	855.2688
6.7	865.632
6.75	875.6904
6.8	885.1392
6.85	894.2832
6.9	903.4272
6.95	912.2664
7	921.4104
7.05	931.4688
7.1	940.6128
7.15	948.5376
7.2	957.9864
7.25	965.9112
7.3	974.4456
7.35	983.5896
7.4	992.4288
7.45	1001.268
7.5	1009.8024
7.55	1018.6416
7.6	1028.3952
7.65	1036.32
7.7	1044.2448
7.75	1053.3888
7.8	1062.228
7.85	1069.848
7.9	1079.2968
7.95	1086.3072
8	1094.8416
8.05	1102.4616
8.1	1110.996
8.15	1119.2256
8.2	1127.76
8.25	1135.9896
8.3	1143.9144
8.35	1152.144
8.4	1160.3736
8.45	1168.6032
8.5	1176.8328
8.55	1185.0624
8.6	1193.292
8.65	1200.6072
8.7	1208.532
8.75	1216.4568
8.8	1223.4672
8.85	1231.6968
8.9	1238.4024
8.95	1247.2416
9	1253.9472
9.05	1261.872
9.1	1269.492
9.15	1277.4168
9.2	1284.4272
9.25	1292.6568
9.3	1299.972
9.35	1308.5064
9.4	1315.212
9.45	1322.832
9.5	1330.452
9.55	1336.8528
9.6	1344.4728
9.65	1351.788
9.7	1359.408
9.75	1367.028
9.8	1374.0384
9.85	1381.6584
9.9	1388.6688
9.95	1395.984
10	1403.2992
10.05	1410.6144
10.1	1417.0152
10.15	1424.6352
10.2	1431.036
10.25	1438.9608
10.3	1444.752
10.35	1452.0672
10.4	1458.7728
10.45	1465.4784
10.5	1472.184
10.55	1479.4992
10.6	1485.5952
10.65	1492.3008
10.7	1498.7016
10.75	1505.712
10.8	1512.1128
10.85	1517.904
10.9	1524.6096
10.95	1532.5344
11	1538.3256
11.05	1545.0312
11.1	1551.432
11.15	1557.8328
11.2	1564.8432
11.25	1570.6344
11.3	1576.7304
11.35	1583.1312
11.4	1589.2272
11.45	1595.9328
11.5	1601.4192
11.55	1607.82
11.6	1614.5256
11.65	1620.6216
11.7	1627.0224
11.75	1632.5088
11.8	1638.3
11.85	1644.0912
11.9	1649.8824
11.95	1657.1976
12	1662.9888
12.05	1668.78
12.1	1674.876
12.15	1680.6672
12.2	1687.3728
12.25	1692.2496
12.3	1698.9552
12.35	1704.7464
12.4	1710.2328
12.45	1715.7192
12.5	1721.8152
12.55	1726.9968
12.6	1733.0928
12.65	1737.9696
12.7	1743.7608
12.75	1749.8568
12.8	1755.648
12.85	1761.1344
12.9	1766.9256
12.95	1771.8024
13	1777.2888
13.05	1782.4704
13.1	1787.9568
13.15	1793.4432
13.2	1798.6248
13.25	1803.5016
13.3	1809.2928
13.35	1814.1696
13.4	1819.3512
13.45	1824.5328
13.5	1830.0192
13.55	1835.2008
13.6	1840.0776
13.65	1845.564
13.7	1849.8312
13.75	1855.3176
13.8	1860.4992
13.85	1865.0712
13.9	1870.2528
13.95	1875.4344
14	1880.3112
14.05	1885.188
14.1	1890.3696
14.15	1894.332
14.2	1898.904
14.25	1904.3904
14.3	1909.572
14.35	1913.8392
14.4	1919.0208
14.45	1923.8976
14.5	1928.1648
14.55	1932.1272
14.6	1936.6992
14.65	1941.2712
14.7	1945.5384
14.75	1951.0248
14.8	1955.292
14.85	1959.5592
14.9	1963.8264
14.95	1968.7032
15	1973.58
15.05	1977.5424
15.1	1981.5048
15.15	1986.3816
15.2	1990.0392
15.25	1994.3064
15.3	1998.5736
15.35	2002.8408
15.4	2007.108
15.45	2011.3752
15.5	2015.3376
15.55	2018.9952
15.6	2023.5672
15.65	2027.5296
15.7	2031.7968
15.75	2035.7592
15.8	2039.7216
15.85	2044.2936
15.9	2047.6464
15.95	2051.9136
16	2055.5712
16.05	2059.2288
16.1	2062.8864
16.15	2066.544
16.2	2070.8112
16.25	2074.4688
16.3	2078.1264
16.35	2082.0888
16.4	2086.0512
16.45	2089.7088
16.5	2093.6712
16.55	2097.9384
16.6	2101.2912
16.65	2104.644
16.7	2107.9968
16.75	2111.9592
16.8	2114.3976
16.85	2117.4456
16.9	2121.1032
16.95	2124.1512
17	2127.8088
17.05	2131.7712
17.1	2134.8192
17.15	2138.7816
17.2	2141.5248
17.25	2144.5728
17.3	2148.2304
17.35	2151.5832
17.4	2154.3264
17.45	2157.6792
17.5	2160.4224
17.55	2163.4704
17.6	2166.8232
17.65	2169.8712
17.7	2172.9192
17.75	2175.9672
17.8	2178.4056
17.85	2182.368
17.9	2184.5016
17.95	2188.1592
18	2190.5976
18.05	2193.3408
18.1	2196.9984
18.15	2199.7416
18.2	2202.4848
18.25	2205.228
18.3	2207.9712
18.35	2210.4096
18.4	2212.848
18.45	2216.2008
18.5	2218.6392
18.55	2221.6872
18.6	2224.1256
18.65	2226.8688
18.7	2229.0024
18.75	2231.136
18.8	2233.8792
18.85	2236.9272
18.9	2239.0608
18.95	2242.4136
19	2244.2424
19.05	2246.9856
19.1	2249.424
19.15	2251.2528
19.2	2253.996
19.25	2256.1296
19.3	2258.2632
19.35	2261.0064
19.4	2263.14
19.45	2265.2736
19.5	2267.712
19.55	2270.1504
19.6	2271.6744
19.65	2274.4176
19.7	2276.2464
19.75	2278.6848
19.8	2280.5136
19.85	2282.952
19.9	2283.5616
19.95	2286.6096
20	2288.4384
20.05	2291.1816
20.1	2292.7056
20.15	2294.2296
20.2	2296.668
20.25	2298.4968
20.3	2299.716
20.35	2301.8496
20.4	2304.288
20.45	2305.812
20.5	2307.336
20.55	2309.1648
20.6	2310.6888
20.65	2312.8224
20.7	2314.0416
20.75	2315.2608
20.8	2317.3944
20.85	2318.6136
20.9	2320.7472
20.95	2321.6616
21	2323.7952
21.05	2325.0144
21.1	2326.2336
21.15	2328.3672
21.2	2328.9768
21.25	2330.5008
21.3	2331.72
21.35	2333.5488
21.4	2334.4632
21.45	2336.5968
21.5	2337.5112
21.55	2338.4256
21.6	2339.9496
21.65	2341.4736
21.7	2342.388
21.75	2343.3024
21.8	2344.8264
21.85	2346.0456
21.9	2346.6552
21.95	2348.1792
22	2349.3984
22.05	2350.9224
22.1	2350.9224
22.15	2352.1416
22.2	2353.056
22.25	2353.9704
22.3	2354.8848
22.35	2356.4088
22.4	2357.3232
22.45	2357.9328
22.5	2358.5424
22.55	2360.0664
22.6	2360.0664
22.65	2360.9808
22.7	2361.8952
22.75	2362.8096
22.8	2363.1144
22.85	2364.0288
22.9	2364.3336
22.95	2364.9432
23	2365.8576
23.05	2365.8576
23.1	2366.4672
23.15	2367.6864
23.2	2367.3816
23.25	2367.6864
23.3	2368.6008
23.35	2369.2104
23.4	2369.82
23.45	2369.2104
23.5	2369.82
23.55	2369.82
23.6	2370.4296
23.65	2370.7344
23.7	2371.0392
23.75	2371.344
23.8	2371.344
23.85	2372.5632
23.9	2371.6488
24	2412.492
24.05	2385.3648
24.1	2378.3544
24.15	2375.6112
24.2	2374.392
24.25	2373.7824
24.3	2373.1728
24.35	2372.868
24.4	2373.1728
24.45	2373.1728
24.5	2372.2584
24.55	2372.5632
24.6	2372.2584
24.65	2372.868
24.7	2372.5632
24.75	2372.2584
24.8	2372.2584
24.85	2371.9536
24.9	2372.2584
24.95	2371.9536
25	2372.2584
25.05	2371.9536
25.1	2372.2584
25.15	2372.5632
25.2	2372.868
25.25	2372.5632
25.3	2373.1728
25.35	2373.4776
25.4	2371.9536
25.45	2372.2584
25.5	2371.0392
25.55	2370.4296
25.6	2367.9912
25.65	2368.6008
25.7	2367.6864
25.75	2367.6864
25.8	2366.772
25.85	2369.5152
25.9	2372.2584
25.95	2374.392
26.95	2374.392
27.95	2364.392
28.95	2354.392
29.95	2344.392
30.95	2334.392
31.95	2324.392
32.95	2314.392
33.95	2304.392
34.95	2294.392
35.95	2284.392
36.95	2274.392
37.95	2264.392
38.95	2254.392
39.95	2244.392
40.95	2234.392
41.95	2224.392
42.95	2214.392
43.95	2204.392
44.95	2194.392
45.95	2184.392
46.95	2174.392
47.95	2164.392
48.95	2154.392
49.95	2144.392
50.95	2134.392
51.95	2124.392
52.95	2114.392
53.95	2104.392
54.95	2094.392
55.95	2084.392
56.95	2074.392
57.95	2064.392
58.95	2054.392
59.95	2044.392
60.95	2034.392
61.95	2024.392
62.95	2014.392
63.95	2004.392
64.95	1994.392
65.95	1984.392
66.95	1974.392
67.95	1964.392
68.95	1954.392
69.95	1944.392
70.95	1934.392
71.95	1924.392
72.95	1914.392
73.95	1904.392
74.95	1894.392
75.95	1884.392
76.95	1874.392
77.95	1864.392
78.95	1854.392
79.95	1844.392
80.95	1834.392
81.95	1824.392
82.95	1814.392
83.95	1804.392
84.95	1794.392
85.95	1784.392
86.95	1774.392
87.95	1764.392
88.95	1754.392
89.95	1744.392
90.95	1734.392
91.95	1724.392
92.95	1714.392
93.95	1704.392
94.95	1694.392
95.95	1684.392
96.95	1674.392
97.95	1664.392
98.95	1654.392
99.95	1644.392
100.95	1634.392
101.95	1624.392
102.95	1614.392
103.95	1604.392
104.95	1594.392
105.95	1584.392
106.95	1574.392
107.95	1564.392
108.95	1554.392
109.95	1544.392
110.95	1534.392
111.95	1524.392
112.95	1514.392
113.95	1504.392
114.95	1494.392
115.95	1484.392
116.95	1474.392
117.95	1464.392
118.95	1454.392
119.95	1444.392
120.95	1434.392
121.95	1424.392
122.95	1414.392
123.95	1404.392
124.95	1394.392
125.95	1384.392
126.95	1374.392
127.95	1364.392
128.95	1354.392
129.95	1344.392
130.95	1334.392
131.95	1324.392
132.95	1314.392
133.95	1304.392
134.95	1294.392
135.95	1284.392
136.95	1274.392
137.95	1264.392
138.95	1254.392
139.95	1244.392
140.95	1234.392
141.95	1224.392
142.95	1214.392
143.95	1204.392
144.95	1194.392
145.95	1184.392
146.95	1174.392
147.95	1164.392
148.95	1154.392
149.95	1144.392
150.95	1134.392
151.95	1124.392
152.95	1114.392
153.95	1104.392
154.95	1094.392
155.95	1084.392
156.95	1074.392
157.95	1064.392
158.95	1054.392
159.95	1044.392
160.95	1034.392
161.95	1024.392
162.95	1014.392
163.95	1004.392
164.95	994.392
165.95	984.392
166.95	974.392
167.95	964.392
168.95	954.392
169.95	944.392
170.95	934.392
171.95	924.392
172.95	914.392
173.95	904.392
174.95	894.392
175.95	884.392
176.95	874.392
177.95	864.392
178.95	854.392
179.95	844.392
180.95	834.392
181.95	824.392
182.95	814.392
183.95	804.392
184.95	794.392
185.95	784.392
186.95	774.392
187.95	764.392
188.95	754.392
189.95	744.392
190.95	734.392
191.95	724.392
192.95	714.392
193.95	704.392
194.95	694.392
195.95	684.392
196.95	674.392
197.95	664.392
198.95	654.392
199.95	644.392
200.95	634.392
201.95	624.392
202.95	614.392
203.95	604.392
204.95	594.392
205.95	584.392
206.95	574.392
207.95	564.392
208.95	554.392
209.95	544.392
210.95	534.392
211.95	524.392
212.95	514.392
213.95	504.392
214.95	494.392
215.95	484.392
216.95	474.392
217.95	464.392
218.95	454.392
219.95	444.392
220.95	434.392
221.95	424.392
222.95	414.392
223.95	404.392
224.95	394.392
225.95	384.392
226.95	374.392
227.95	364.392
228.95	354.392
229.95	344.392
230.95	334.392
231.95	324.392
232.95	314.392
233.95	304.392
234.95	294.392
235.95	284.392
236.95	274.392
237.95	264.392
238.95	254.392
239.95	244.392
240.95	234.392
241.95	224.392
242.95	214.392
243.95	204.392
244.95	194.392
245.95	184.392
246.95	174.392
247.95	164.392
248.95	154.392
249.95	144.392
250.95	134.392
251.95	124.392
252.95	114.392
253.95	104.392
254.95	94.392
255.95	84.392
256.95	74.392
257.95	64.392
258.95	54.392
259.95	44.392
260.95	34.392
261.95	24.392
262.95	14.392
263.95	4.392
	
	
	
	
	
	
	
	
	
	
