#Urano/Paraná-XVb LT 7 Set 2018 (1211 m)
# t(s)	h (m)
0	-285.2928
0.05	-297.7896
0.1	-305.4096
0.15	-301.1424
0.2	-298.3992
0.25	-299.6184
0.3	-293.8272
0.35	-261.8232
0.4	-240.1824
0.45	-222.504
0.5	-213.0552
0.55	-210.0072
0.6	-194.7672
0.65	-168.5544
0.7	-139.5984
0.75	-122.8344
0.8	-120.396
0.85	-102.108
0.9	-93.2688
0.95	-73.7616
1	-51.2064
1.05	-34.7472
1.1	-17.6784
1.15	-11.2776
1.2	-1.2192
1.25	17.3736
1.3	29.8704
1.35	47.5488
1.4	56.388
1.45	67.6656
1.5	91.44
1.55	94.7928
1.6	116.4336
1.65	127.1016
1.7	142.3416
1.75	153.0096
1.8	174.0408
1.85	181.6608
1.9	194.4624
1.95	202.0824
2	215.7984
2.05	221.5896
2.1	243.2304
2.15	250.2408
2.2	264.2616
2.25	274.6248
2.3	291.6936
2.35	297.18
2.4	306.6288
2.45	323.088
2.5	327.66
2.55	337.7184
2.6	349.3008
2.65	363.3216
2.7	368.1984
2.75	377.952
2.8	391.3632
2.85	402.0312
2.9	409.0416
2.95	420.0144
3	434.9496
3.05	441.3504
3.1	448.9704
3.15	458.1144
3.2	472.7448
3.25	477.6216
3.3	487.0704
3.35	497.4336
3.4	507.7968
3.45	513.2832
3.5	521.208
3.55	529.1328
3.6	541.02
3.65	548.0304
3.7	554.736
3.75	563.5752
3.8	570.8904
3.85	579.7296
3.9	585.8256
3.95	592.2264
4	604.1136
4.05	617.8296
4.1	619.9632
4.15	627.5832
4.2	634.2888
4.25	640.08
4.3	651.3576
4.35	655.32
4.4	660.5016
4.45	671.1696
4.5	679.704
4.55	686.4096
4.6	692.8104
4.65	698.6016
4.7	705.9168
4.75	716.28
4.8	722.376
4.85	725.424
4.9	731.2152
4.95	736.7016
5	746.1504
5.05	752.2464
5.1	756.8184
5.15	762
5.2	767.4864
5.25	772.668
5.3	783.0312
5.35	788.5176
5.4	793.0896
5.45	797.6616
5.5	804.672
5.55	811.0728
5.6	818.388
5.65	823.5696
5.7	827.2272
5.75	831.1896
5.8	836.0664
5.85	843.3816
5.9	850.6968
5.95	854.3544
6	857.4024
6.05	863.1936
6.1	868.0704
6.15	873.252
6.2	881.4816
6.25	886.6632
6.3	888.7968
6.35	892.1496
6.4	896.4168
6.45	900.684
6.5	907.0848
6.55	914.0952
6.6	917.448
6.65	919.5816
6.7	923.2392
6.75	926.8968
6.8	932.3832
6.85	937.5648
6.9	943.356
6.95	947.928
7	950.6712
7.05	953.7192
7.1	957.6816
7.15	961.9488
7.2	967.74
7.25	973.5312
7.3	977.7984
7.35	979.3224
7.4	981.7608
7.45	985.1136
7.5	988.4664
7.55	992.7336
7.6	997.9152
7.65	1004.0112
7.7	1007.364
7.75	1008.888
7.8	1011.3264
7.85	1015.2888
7.9	1018.6416
7.95	1021.9944
8	1026.5664
8.05	1031.4432
8.1	1035.7104
8.15	1037.844
8.2	1039.9776
8.25	1041.8064
8.3	1044.5496
8.35	1048.2072
8.4	1051.56
8.45	1056.132
8.5	1060.3992
8.55	1064.0568
8.6	1065.8856
8.65	1066.8
8.7	1069.2384
8.75	1072.2864
8.8	1075.3344
8.85	1077.7728
8.9	1081.4304
8.95	1085.3928
9	1090.2696
9.05	1092.4032
9.1	1093.9272
9.15	1095.4512
9.2	1096.9752
9.25	1099.4136
9.3	1102.1568
9.35	1104.2904
9.4	1107.6432
9.45	1110.6912
9.5	1114.6536
9.55	1117.7016
9.6	1119.8352
9.65	1121.0544
9.7	1122.5784
9.75	1123.7976
9.8	1125.6264
9.85	1127.76
9.9	1129.5888
9.95	1132.332
10	1135.0752
10.05	1138.428
10.1	1141.476
10.15	1143.9144
10.2	1145.4384
10.25	1146.6576
10.3	1147.2672
10.35	1148.4864
10.4	1149.7056
10.45	1152.144
10.5	1153.668
10.55	1155.8016
10.6	1157.6304
10.65	1159.764
10.7	1162.5072
10.75	1164.6408
10.8	1166.7744
10.85	1168.908
10.9	1169.2128
10.95	1170.432
11	1171.0416
11.05	1171.3464
11.1	1173.1752
11.15	1174.0896
11.2	1175.9184
11.25	1176.528
11.3	1178.052
11.35	1180.1856
11.4	1181.4048
11.45	1182.9288
11.5	1184.7576
11.55	1187.196
11.6	1188.4152
11.65	1189.9392
11.7	1190.244
11.75	1191.1584
11.8	1191.4632
11.85	1192.3776
11.9	1192.9872
11.95	1193.9016
12	1194.2064
12.05	1195.4256
12.1	1196.6448
12.15	1197.2544
12.2	1198.4736
12.25	1199.388
12.3	1199.9976
12.35	1200.6072
12.4	1201.2168
12.45	1202.436
12.5	1203.0456
12.55	1204.2648
12.6	1205.1792
12.65	1206.0936
12.7	1206.7032
12.75	1207.008
12.8	1207.6176
12.85	1207.9224
12.9	1208.532
12.95	1208.2272
13	1208.532
13.05	1208.8368
13.1	1208.8368
13.15	1209.1416
13.2	1209.4464
13.25	1209.4464
13.3	1210.056
13.35	1210.6656
13.4	1210.9704
13.45	1211.2752
13.5	1211.2752
13.55	1211.58
13.6	1211.58
13.65	1212.1896
13.7	1212.1896
13.75	1008.888
13.8	1211.8848
13.85	1210.6656
13.9	1212.1896
13.95	1213.104
14	1214.0184
14.05	1212.1896
14.1	1214.3232
14.15	1214.9328
14.2	1215.2376
14.25	1212.4944
14.3	1212.1896
14.35	1213.104
14.4	1214.0184
14.45	1215.2376
14.5	1217.3712
14.55	1220.4192
14.6	1222.248
14.65	1222.5528
14.7	1218.5904
14.75	1215.2376
14.8	1213.4088
14.85	1212.1896
14.9	1212.1896
14.95	1210.9704
15	1210.056
15.05	1209.1416
15.1	1208.532
15.15	1208.2272
15.2	1207.9224
15.25	1207.3128
15.3	1207.6176
15.35	1207.3128
15.4	1206.0936
15.45	1205.484
15.5	1207.008
15.55	1205.7888
15.6	1203.3504
15.65	1202.436
15.7	1202.436
15.75	1202.7408
15.8	1202.436
15.85	1202.7408
15.9	1202.7408
15.95	1201.5216
16	1200.6072
16.05	1200.6072
16.1	1201.8264
16.15	1203.6552
16.2	1204.8744
16.25	1205.7888
16.3	1205.484
16.35	1204.5696
16.4	1203.0456
16.45	1202.436
16.5	1201.5216
16.55	1201.2168
16.6	1200.6072
16.65	1200.3024
16.7	1199.9976
16.75	1199.388
16.8	1198.4736
16.85	1197.5592
16.9	1196.0352
16.95	1195.7304
17	1194.2064
17.05	1192.6824
17.1	1192.3776
17.15	1192.0728
17.2	1191.4632
17.25	1190.8536
17.3	1189.9392
17.35	1188.72
17.4	1188.4152
17.45	1187.5008
17.5	1187.196
17.55	1186.5864
17.6	1186.8912
17.65	1186.5864
17.7	1185.672
17.75	1185.3672
17.8	1184.4528
17.85	1183.8432
17.9	1182.9288
17.95	1182.624
18	1182.3192
18.05	1182.3192
18.1	1183.2336
18.15	1184.148
18.2	1182.624
18.25	1182.624
18.3	1181.1
18.35	1178.9664
18.4	1177.1376
18.45	1176.2232
18.5	1175.6136
18.55	1174.6992
18.6	1174.6992
18.65	1174.3944
18.7	1174.0896
18.75	1174.0896
18.8	1174.6992
18.85	1176.528
18.9	1177.4424
18.95	1176.528
19	1175.6136
19.05	1173.7848
19.1	1171.956
19.15	1171.3464
19.2	1169.8224
19.25	1169.5176
19.3	1168.908
19.35	1168.2984
19.4	1167.9936
19.45	1166.7744
19.5	1166.1648
19.55	1165.86
19.6	1165.86
19.65	1165.2504
19.7	1165.2504
19.75	1165.5552
19.8	1165.5552
19.85	1166.4696
19.9	1167.0792
19.95	1167.9936
20	1168.6032
20.05	1168.908
20.1	1168.6032
20.15	1168.6032
20.2	1167.384
20.25	1166.4696
20.3	1166.4696
20.35	1164.9456
20.4	1164.336
20.45	1163.1168
20.5	1161.8976
20.55	1160.0688
20.6	1157.9352
20.65	1156.4112
20.7	1155.4968
20.75	1154.2776
20.8	1153.0584
20.85	1153.0584
20.9	1153.3632
20.95	1151.5344
21	1150.3152
21.05	1150.0104
21.1	1149.096
21.15	1148.7912
21.2	1147.572
21.25	1147.8768
21.3	1147.572
21.35	1146.6576
21.4	1146.3528
21.45	1145.7432
21.5	1144.8288
21.55	1144.8288
21.6	1144.8288
21.65	1144.8288
21.7	1144.524
21.75	1143.9144
21.8	1143.6096
21.85	1142.6952
21.9	1142.3904
21.95	1142.3904
22	1141.7808
22.05	1141.1712
22.1	1140.2568
22.15	1139.952
22.2	1139.0376
22.25	1139.0376
22.3	1138.428
22.35	1137.8184
22.4	1136.5992
22.45	1136.5992
22.5	1135.6848
22.55	1135.38
22.6	1135.0752
22.65	1134.1608
22.7	1133.856
22.75	1132.9416
22.8	1132.9416
22.85	1132.6368
22.9	1132.332
22.95	1132.0272
23	1131.4176
23.05	1130.808
23.1	1130.5032
23.15	1129.8936
23.2	1129.284
23.25	1129.8936
23.3	1128.9792
23.35	1128.9792
23.4	1128.9792
23.45	1128.9792
23.5	1129.5888
23.55	1128.6744
23.6	1128.6744
23.65	1128.0648
23.7	1126.8456
23.75	1126.5408
23.8	1125.9312
23.85	1124.4072
23.9	1124.1024
23.95	1124.1024
24	1123.188
24.05	1121.664
24.1	1120.4448
24.15	1118.616
24.2	1116.7872
24.25	1115.568
24.3	1115.8728
24.35	1115.2632
24.4	1114.6536
24.45	1114.6536
24.5	1114.3488
24.55	1114.9584
24.6	1115.2632
24.65	1115.568
24.7	1116.4824
24.75	1116.7872
24.8	1118.0064
24.85	1117.7016
24.9	1117.3968
24.95	1117.7016
25	1117.3968
25.05	1117.3968
25.1	1117.092
25.15	1116.4824
25.2	1115.8728
25.25	1115.568
25.3	1113.1296
25.35	1111.9104
25.4	1110.6912
25.45	1110.0816
25.5	1109.7768
25.55	1110.6912
25.6	1110.6912
25.65	1110.6912
25.7	1110.996
25.75	1110.6912
25.8	1110.3864
25.85	1110.0816
25.9	1109.1672
25.95	1108.5576
26	1107.0336
26.05	1105.5096
26.1	1103.6808
26.15	1102.1568
26.2	1101.2424
26.25	1099.4136
26.3	1098.1944
26.35	1096.9752
26.4	1096.3656
26.45	1095.1464
26.5	1094.232
26.55	1093.9272
26.6	1093.6224
26.65	1092.708
26.7	1092.0984
26.75	1091.7936
26.8	1091.184
26.85	1089.66
26.9	1089.3552
26.95	1088.7456
27	1089.0504
27.05	1089.0504
27.1	1089.0504
27.15	1089.0504
27.2	1088.4408
27.25	1088.7456
27.3	1088.136
27.35	1087.5264
27.4	1086.9168
27.45	1083.564
27.5	1088.4408
27.55	1090.2696
27.6	1090.8792
27.65	1091.4888
27.7	1091.184
27.75	1090.5744
27.8	1090.2696
27.85	1089.66
27.9	1089.3552
27.95	1089.0504
28	1089.0504
28.05	1088.136
28.1	1087.5264
28.15	1086.0024
28.2	1085.088
28.25	1083.564
28.3	1082.9544
28.35	1081.4304
28.4	1081.1256
28.45	1079.6016
28.5	1078.992
28.55	1078.0776
28.6	1077.1632
28.65	1076.5536
28.7	1075.6392
28.75	1074.42
28.8	1073.8104
28.85	1073.2008
28.9	1071.9816
28.95	1071.6768
29	1070.1528
29.05	1068.6288
29.1	1068.0192
29.15	1067.1048
29.2	1065.8856
29.25	1065.5808
29.3	1064.9712
29.35	1064.3616
29.4	1064.6664
29.45	1064.6664
29.5	1064.0568
29.55	1063.4472
29.6	1062.8376
29.65	1061.9232
29.7	1061.3136
29.75	1059.7896
29.8	1059.4848
29.85	1059.18
29.9	1059.18
29.95	1058.5704
30	1057.9608
30.05	1057.3512
30.1	1057.3512
30.15	1056.4368
30.2	1055.8272
30.25	1055.5224
30.3	1054.9128
30.35	1055.2176
30.4	1054.9128
30.45	1053.9984
30.5	1053.9984
30.55	1052.7792
30.6	1053.084
30.65	1052.7792
30.7	1053.084
30.75	1051.8648
30.8	1051.2552
30.85	1050.3408
30.9	1049.7312
30.95	1050.6456
31	1049.7312
31.05	1050.036
31.1	1049.4264
31.15	1049.1216
31.2	1049.4264
31.25	1049.1216
31.3	1048.512
31.35	1048.512
31.4	1047.5976
31.45	1046.6832
31.5	1044.5496
31.55	1044.2448
31.6	1043.0256
31.65	1041.8064
31.7	1040.892
31.75	1039.9776
31.8	1039.368
31.85	1039.368
31.9	1039.0632
31.95	1038.1488
32	1037.5392
32.05	1037.844
32.1	1037.5392
32.15	1036.9296
32.2	1036.32
32.25	1035.4056
32.3	1035.7104
32.35	1034.796
32.4	1033.8816
32.45	1033.5768
32.5	1034.1864
32.55	1032.9672
32.6	1031.748
32.65	1031.1384
32.7	1030.5288
32.75	1030.5288
32.8	1030.8336
32.85	1029.0048
32.9	1029.0048
32.95	1029.0048
33	1027.7856
33.05	1027.7856
33.1	1027.176
33.15	1026.8712
33.2	1025.652
33.25	1024.7376
33.3	1024.128
33.35	1022.9088
33.4	1023.2136
33.45	1022.2992
33.5	1022.2992
33.55	1021.6896
33.6	1021.9944
33.65	1022.2992
33.7	1022.2992
33.75	1022.2992
33.8	1022.2992
33.85	1022.2992
33.9	1022.604
33.95	1021.9944
34	1021.6896
34.05	1021.08
34.1	1019.8608
34.15	1018.3368
34.2	1016.8128
34.25	1015.8984
34.3	1014.3744
34.35	1013.46
34.4	1012.5456
34.45	1011.3264
34.5	1011.0216
34.55	1011.3264
34.6	1011.0216
34.65	1010.7168
34.7	1010.412
34.75	1009.8024
34.8	1010.1072
34.85	1010.1072
34.9	1009.4976
34.95	1009.1928
35	1008.5832
35.05	1007.9736
35.1	1007.364
35.15	1006.7544
35.2	1004.9256
35.25	1004.0112
35.3	1003.4016
35.35	1003.0968
35.4	1002.4872
35.45	1002.4872
35.5	1001.8776
35.55	1001.268
35.6	1001.268
35.65	1000.6584
35.7	1000.6584
35.75	998.22
35.8	997.0008
35.85	999.4392
35.9	1000.3536
35.95	1002.1824
36	1002.4872
36.05	1003.0968
36.1	1004.0112
36.15	1003.0968
36.2	1002.1824
36.25	1001.268
36.3	1000.0488
36.35	998.8296
36.4	997.0008
36.45	995.4768
36.5	993.9528
36.55	992.7336
36.6	991.2096
36.65	989.9904
36.7	989.6856
36.75	988.1616
36.8	987.2472
36.85	986.3328
36.9	985.7232
36.95	986.6376
37	985.4184
37.05	985.1136
37.1	985.1136
37.15	984.504
37.2	984.1992
37.25	983.5896
37.3	982.98
37.35	982.3704
37.4	981.7608
37.45	980.8464
37.5	980.5416
37.55	980.8464
37.6	980.8464
37.65	980.8464
37.7	981.456
37.75	982.0656
37.8	983.5896
37.85	983.8944
37.9	984.1992
37.95	984.1992
38	984.1992
38.05	983.5896
38.1	983.2848
38.15	982.6752
38.2	981.456
38.25	974.4456
38.3	977.1888
38.35	980.8464
38.4	979.932
38.45	979.3224
38.5	979.0176
38.55	978.1032
38.6	976.884
38.65	975.9696
38.7	975.6648
38.75	974.4456
38.8	973.836
38.85	973.2264
38.9	971.3976
38.95	969.8736
39	969.5688
39.05	968.3496
39.1	966.8256
39.15	965.9112
39.2	964.692
39.25	963.7776
39.3	962.8632
39.35	961.9488
39.4	960.4248
39.45	960.12
39.5	960.4248
39.55	959.8152
39.6	959.5104
39.65	960.12
39.7	960.12
39.75	960.4248
39.8	960.4248
39.85	960.4248
39.9	961.3392
39.95	960.7296
40	960.7296
40.05	960.4248
40.1	960.4248
40.15	960.7296
40.2	960.4248
40.25	959.5104
40.3	959.2056
40.35	957.6816
40.4	953.1096
40.45	950.976
40.5	953.1096
40.55	951.5856
40.6	950.3664
40.65	949.1472
40.7	948.8424
40.75	948.8424
40.8	947.928
40.85	947.3184
40.9	946.7088
40.95	946.0992
41	945.1848
41.05	945.1848
41.1	944.88
41.15	944.2704
41.2	943.6608
41.25	942.7464
41.3	941.832
41.35	941.2224
41.4	940.9176
41.45	940.0032
41.5	939.6984
41.55	939.0888
41.6	938.1744
41.65	937.8696
41.7	936.9552
41.75	936.3456
41.8	935.736
41.85	935.1264
41.9	934.8216
41.95	934.212
42	933.9072
42.05	932.9928
42.1	932.0784
42.15	932.3832
42.2	932.3832
42.25	932.0784
42.3	931.164
42.35	930.8592
42.4	930.5544
42.45	930.2496
42.5	929.3352
42.55	929.0304
42.6	928.4208
42.65	927.5064
42.7	926.8968
42.75	925.9824
42.8	925.6776
42.85	925.068
42.9	925.6776
42.95	926.592
43	928.4208
43.05	930.2496
43.1	931.164
43.15	931.164
43.2	931.164
43.25	929.64
43.3	927.8112
43.35	926.2872
43.4	924.4584
43.45	922.02
43.5	919.8864
43.55	918.972
43.6	918.0576
43.65	917.7528
43.7	917.448
43.75	916.5336
43.8	916.2288
43.85	916.5336
43.9	916.2288
43.95	916.2288
44	917.448
44.05	917.7528
44.1	918.0576
44.15	918.3624
44.2	917.448
44.25	916.2288
44.3	915.6192
44.35	914.4
44.4	911.9616
44.45	910.7424
44.5	909.5232
44.55	908.6088
44.6	907.3896
44.65	905.8656
44.7	905.5608
44.75	904.9512
44.8	904.9512
44.85	905.256
44.9	905.256
44.95	904.9512
45	904.3416
45.05	904.0368
45.1	904.0368
45.15	903.732
45.2	902.8176
45.25	902.5128
45.3	902.208
45.35	902.208
45.4	902.208
45.45	902.5128
45.5	902.8176
45.55	903.732
45.6	903.4272
45.65	903.732
45.7	902.5128
45.75	902.5128
45.8	901.5984
45.85	902.208
45.9	901.2936
45.95	900.684
46	900.684
46.05	900.0744
46.1	900.0744
46.15	899.7696
46.2	899.4648
46.25	898.8552
46.3	897.636
46.35	897.3312
46.4	896.112
46.45	894.8928
46.5	894.588
46.55	893.6736
46.6	893.064
46.65	892.4544
46.7	891.2352
46.75	890.016
46.8	889.4064
46.85	888.1872
46.9	886.6632
46.95	885.444
47	883.6152
47.05	883.0056
47.1	882.0912
47.15	881.1768
47.2	879.9576
47.25	879.348
47.3	879.348
47.35	878.1288
47.4	878.1288
47.45	878.7384
47.5	878.7384
47.55	878.7384
47.6	878.7384
47.65	879.348
47.7	879.6528
47.75	879.0432
47.8	880.2624
47.85	879.348
47.9	879.9576
47.95	879.9576
48	879.6528
48.05	878.7384
48.1	874.776
48.15	870.204
48.2	870.204
48.25	872.0328
48.3	872.9472
48.35	875.9952
48.4	876.6048
48.45	875.3856
48.5	875.0808
48.55	874.1664
48.6	872.6424
48.65	871.1184
48.7	869.8992
48.75	868.0704
48.8	867.156
48.85	866.5464
48.9	865.9368
48.95	864.7176
49	864.108
49.05	863.8032
49.1	862.584
49.15	862.2792
49.2	860.7552
49.25	860.1456
49.3	859.2312
49.35	859.2312
49.4	858.3168
49.45	857.7072
49.5	857.4024
49.55	856.7928
49.6	856.7928
49.65	856.1832
49.7	856.1832
49.75	854.3544
49.8	853.7448
49.85	853.44
49.9	853.1352
49.95	852.8304
50	851.916
50.05	851.0016
50.1	850.392
50.15	850.0872
50.2	849.7824
50.25	849.1728
50.3	849.4776
50.35	848.868
50.4	849.1728
50.45	849.1728
50.5	847.9536
50.55	846.4296
50.6	846.1248
50.65	846.1248
50.7	845.5152
50.75	843.6864
50.8	843.6864
50.85	842.772
50.9	842.772
50.95	841.8576
51	842.4672
51.05	842.4672
51.1	843.6864
51.15	845.5152
51.2	846.1248
51.25	847.344
51.3	847.6488
51.35	847.344
51.4	846.4296
51.45	844.9056
51.5	842.1624
51.55	840.0288
51.6	838.2
51.65	836.9808
51.7	835.7616
51.75	835.152
51.8	834.8472
51.85	833.9328
51.9	833.0184
51.95	832.7136
52	832.4088
52.05	833.0184
52.1	833.3232
52.15	833.0184
52.2	833.3232
52.25	833.9328
52.3	833.3232
52.35	832.7136
52.4	831.7992
52.45	830.8848
52.5	829.6656
52.55	828.4464
52.6	827.532
52.65	826.008
52.7	824.7888
52.75	824.1792
52.8	823.5696
52.85	823.8744
52.9	822.96
52.95	822.6552
53	822.6552
53.05	823.2648
53.1	822.6552
53.15	823.2648
53.2	823.2648
53.25	823.2648
53.3	823.5696
53.35	823.8744
53.4	823.8744
53.45	824.484
53.5	824.1792
53.55	823.8744
53.6	823.5696
53.65	823.5696
53.7	821.7408
53.75	820.8264
53.8	819.912
53.85	817.7784
53.9	816.5592
53.95	814.7304
54	812.5968
54.05	811.0728
54.1	809.8536
54.15	810.1584
54.2	809.5488
54.25	809.244
54.3	808.9392
54.35	808.0248
54.4	808.0248
54.45	807.1104
54.5	806.8056
54.55	806.5008
54.6	806.196
54.65	805.8912
54.7	805.2816
54.75	804.3672
54.8	804.0624
54.85	803.148
54.9	802.8432
54.95	802.2336
55	802.5384
55.05	802.2336
55.1	801.9288
55.15	801.3192
55.2	801.3192
55.25	800.7096
55.3	799.7952
55.35	799.1856
55.4	797.9664
55.45	797.3568
55.5	795.8328
55.55	794.6136
55.6	794.004
55.65	792.7848
55.7	792.48
55.75	791.8704
55.8	791.5656
55.85	791.2608
55.9	790.6512
55.95	790.3464
56	789.7368
56.05	789.432
56.1	789.432
56.15	789.1272
56.2	787.908
56.25	787.6032
56.3	787.6032
56.35	787.2984
56.4	787.2984
56.45	786.9936
56.5	786.0792
56.55	785.7744
56.6	784.86
56.65	784.86
56.7	783.6408
56.75	783.0312
56.8	782.4216
56.85	781.2024
56.9	780.8976
56.95	780.288
57	780.5928
57.05	780.8976
57.1	780.8976
57.15	782.7264
57.2	784.86
57.25	784.86
57.3	783.6408
57.35	781.5072
57.4	778.1544
57.45	776.0208
57.5	774.8016
57.55	774.4968
57.6	773.8872
57.65	772.9728
57.7	771.7536
57.75	771.4488
57.8	770.5344
57.85	769.9248
57.9	769.9248
57.95	768.7056
58	769.62
58.05	768.096
58.1	768.096
58.15	767.1816
58.2	766.2672
58.25	765.9624
58.3	766.2672
58.35	766.2672
58.4	766.8768
58.45	767.7912
58.5	769.0104
58.55	769.62
58.6	770.5344
58.65	770.2296
58.7	769.9248
58.75	769.62
58.8	768.096
58.85	766.572
58.9	765.048
58.95	763.524
59	761.6952
59.05	759.5616
59.1	758.6472
59.15	757.7328
59.2	756.8184
59.25	756.2088
59.3	755.5992
59.35	754.9896
59.4	754.38
59.45	754.0752
59.5	754.0752
59.55	753.7704
59.6	753.4656
59.65	753.4656
59.7	753.1608
59.75	753.4656
59.8	753.4656
59.85	752.856
59.9	753.4656
59.95	753.1608
60	752.856
60.05	752.5512
60.1	751.9416
60.15	751.332
60.2	750.4176
60.25	750.4176
60.3	748.8936
60.35	745.8456
60.4	742.7976
60.45	745.5408
60.5	745.236
60.55	744.6264
60.6	743.1024
60.65	742.4928
60.7	741.8832
60.75	741.2736
60.8	740.664
60.85	740.0544
60.9	739.14
60.95	738.8352
61	738.5304
61.05	737.9208
61.1	737.9208
61.15	737.0064
61.2	736.092
61.25	735.4824
61.3	734.2632
61.35	734.2632
61.4	733.6536
61.45	733.044
61.5	732.4344
61.55	732.1296
61.6	731.52
61.65	731.2152
61.7	730.9104
61.75	731.2152
61.8	731.52
61.85	731.52
61.9	732.1296
61.95	733.3488
62	734.568
62.05	734.568
62.1	734.568
62.15	734.568
62.2	734.8728
62.25	733.9584
62.3	733.044
62.35	732.1296
62.4	731.2152
62.45	730.3008
62.5	729.0816
62.55	728.1672
62.6	726.948
62.65	725.1192
62.7	723.9
62.75	722.6808
62.8	721.4616
62.85	721.1568
62.9	719.9376
62.95	719.0232
63	718.7184
63.05	718.1088
63.1	717.4992
63.15	717.804
63.2	715.9752
63.25	715.3656
63.3	715.0608
63.35	714.1464
63.4	713.8416
63.45	713.8416
63.5	712.9272
63.55	712.3176
63.6	712.0128
63.65	711.4032
63.7	710.4888
63.75	709.8792
63.8	709.5744
63.85	708.3552
63.9	708.0504
63.95	706.8312
64	706.2216
64.05	705.612
64.1	705.0024
64.15	706.2216
64.2	706.5264
64.25	706.8312
64.3	707.4408
64.35	707.4408
64.4	707.7456
64.45	707.4408
64.5	707.7456
64.55	708.3552
64.6	707.7456
64.65	707.7456
64.7	707.4408
64.75	706.8312
64.8	705.9168
64.85	706.2216
64.9	705.9168
64.95	705.612
65	704.3928
65.05	703.7832
65.1	702.8688
65.15	701.9544
65.2	701.04
65.25	699.8208
65.3	697.992
65.35	696.468
65.4	694.6392
65.45	693.42
65.5	691.2864
65.55	690.6768
65.6	690.6768
65.65	690.372
65.7	690.9816
65.75	690.372
65.8	690.0672
65.85	689.1528
65.9	688.2384
65.95	688.5432
66	687.6288
66.05	687.0192
66.1	687.0192
66.15	686.1048
66.2	685.8
66.25	685.1904
66.3	685.1904
66.35	684.8856
66.4	684.276
66.45	683.9712
66.5	683.6664
66.55	682.1424
66.6	681.8376
66.65	680.9232
66.7	679.3992
66.75	678.7896
66.8	678.4848
66.85	677.5704
66.9	677.2656
66.95	676.3512
67	676.3512
67.05	675.4368
67.1	674.2176
67.15	673.9128
67.2	674.5224
67.25	672.9984
67.3	672.3888
67.35	672.3888
67.4	671.7792
67.45	670.56
67.5	670.56
67.55	669.6456
67.6	669.3408
67.65	669.036
67.7	668.4264
67.75	668.1216
67.8	667.512
67.85	666.5976
67.9	666.5976
67.95	665.988
68	666.2928
68.05	665.0736
68.1	664.1592
68.15	664.7688
68.2	664.1592
68.25	663.5496
68.3	663.2448
68.35	662.6352
68.4	662.0256
68.45	661.416
68.5	660.8064
68.55	661.1112
68.6	659.5872
68.65	659.5872
68.7	658.9776
68.75	658.368
68.8	657.7584
68.85	657.7584
68.9	656.5392
68.95	655.9296
69	656.2344
69.05	655.9296
69.1	655.9296
69.15	655.6248
69.2	655.0152
69.25	654.4056
69.3	653.796
69.35	653.1864
69.4	652.272
69.45	651.0528
69.5	649.5288
69.55	648.6144
69.6	647.3952
69.65	647.7
69.7	646.7856
69.75	646.7856
69.8	646.4808
69.85	646.176
69.9	645.8712
69.95	646.176
70	646.176
70.05	645.5664
70.1	645.5664
70.15	645.2616
70.2	644.0424
70.25	644.0424
70.3	643.128
70.35	643.128
70.4	642.8232
70.45	641.604
70.5	640.3848
70.55	640.6896
70.6	639.7752
70.65	639.4704
70.7	638.8608
70.75	638.556
70.8	638.8608
70.85	638.556
70.9	638.8608
70.95	639.1656
71	640.6896
71.05	640.6896
71.1	640.9944
71.15	640.9944
71.2	640.9944
71.25	640.3848
71.3	639.4704
71.35	638.556
71.4	637.9464
71.45	636.7272
71.5	635.508
71.55	634.8984
71.6	633.3744
71.65	633.0696
71.7	631.8504
71.75	630.3264
71.8	629.1072
71.85	628.1928
71.9	627.2784
71.95	626.0592
72	625.4496
72.05	624.84
72.1	623.9256
72.15	622.7064
72.2	622.0968
72.25	619.9632
72.3	620.268
72.35	619.6584
72.4	619.6584
72.45	618.744
72.5	618.4392
72.55	618.4392
72.6	618.1344
72.65	617.8296
72.7	617.22
72.75	616.6104
72.8	616.6104
72.85	616.0008
72.9	615.696
72.95	616.0008
73	615.696
73.05	616.3056
73.1	615.696
73.15	616.0008
73.2	616.0008
73.25	615.3912
73.3	615.0864
73.35	614.4768
73.4	614.172
73.45	613.8672
73.5	614.4768
73.55	612.648
73.6	611.4288
73.65	610.8192
73.7	609.2952
73.75	608.3808
73.8	608.3808
73.85	607.7712
73.9	608.076
73.95	608.076
74	607.7712
74.05	608.3808
74.1	608.3808
74.15	608.9904
74.2	608.3808
74.25	608.6856
74.3	608.3808
74.35	606.552
74.4	605.3328
74.45	603.504
74.5	602.2848
74.55	600.7608
74.6	599.8464
74.65	598.6272
74.7	597.1032
74.75	595.884
74.8	595.2744
74.85	593.7504
74.9	594.0552
74.95	592.836
75	591.9216
75.05	591.312
75.1	590.7024
75.15	590.0928
75.2	589.1784
75.25	589.788
75.3	588.8736
75.35	588.264
75.4	587.6544
75.45	587.0448
75.5	586.4352
75.55	586.1304
75.6	585.8256
75.65	585.216
75.7	584.9112
75.75	584.6064
75.8	583.3872
75.85	582.4728
75.9	581.8632
75.95	581.8632
76	581.2536
76.05	580.644
76.1	580.3392
76.15	580.644
76.2	581.5584
76.25	582.168
76.3	583.692
76.35	584.6064
76.4	584.6064
76.45	584.9112
76.5	584.6064
76.55	583.0824
76.6	582.168
76.65	580.644
76.7	579.12
76.75	576.3768
76.8	574.2432
76.85	573.024
76.9	573.6336
76.95	572.1096
77	572.1096
77.05	571.5
77.1	570.8904
77.15	570.2808
77.2	569.0616
77.25	569.3664
77.3	569.6712
77.35	569.0616
77.4	569.976
77.45	571.1952
77.5	572.1096
77.55	566.0136
77.6	565.7088
77.65	571.8048
77.7	569.3664
77.75	568.1472
77.8	567.2328
77.85	566.0136
77.9	563.88
77.95	562.356
78	561.4416
78.05	559.9176
78.1	559.308
78.15	559.308
78.2	557.784
78.25	558.0888
78.3	557.4792
78.35	556.26
78.4	555.6504
78.45	554.736
78.5	554.1264
78.55	554.1264
78.6	553.212
78.65	552.6024
78.7	552.6024
78.75	552.2976
78.8	552.6024
78.85	551.688
78.9	551.0784
78.95	551.0784
79	550.7736
79.05	550.164
79.1	549.5544
79.15	549.5544
79.2	548.3352
79.25	547.4208
79.3	547.116
79.35	546.5064
79.4	545.592
79.45	544.9824
79.5	544.6776
79.55	544.3728
79.6	543.4584
79.65	543.4584
79.7	543.4584
79.75	543.1536
79.8	543.1536
79.85	542.8488
79.9	541.6296
79.95	541.02
80	540.1056
80.05	540.1056
80.1	539.1912
80.15	538.2768
80.2	537.6672
80.25	537.6672
80.3	537.3624
80.35	536.448
80.4	535.5336
80.45	534.924
80.5	534.3144
80.55	534.3144
80.6	533.4
80.65	533.0952
80.7	531.876
80.75	531.5712
80.8	531.2664
80.85	530.6568
80.9	530.0472
80.95	529.4376
81	528.828
81.05	530.0472
81.1	529.4376
81.15	529.1328
81.2	528.5232
81.25	528.2184
81.3	527.304
81.35	526.6944
81.4	526.3896
81.45	525.1704
81.5	524.5608
81.55	523.6464
81.6	523.0368
81.65	521.5128
81.7	521.208
81.75	520.9032
81.8	520.2936
81.85	519.684
81.9	519.3792
81.95	519.0744
82	518.16
82.05	518.16
82.1	517.2456
82.15	517.2456
82.2	516.636
82.25	516.636
82.3	515.4168
82.35	515.4168
82.4	515.112
82.45	514.5024
82.5	514.1976
82.55	512.9784
82.6	512.3688
82.65	511.7592
82.7	510.8448
82.75	510.8448
82.8	510.2352
82.85	510.8448
82.9	509.9304
82.95	509.6256
83	509.9304
83.05	509.6256
83.1	508.7112
83.15	509.016
83.2	508.4064
83.25	508.7112
83.3	507.7968
83.35	507.1872
83.4	506.8824
83.45	506.5776
83.5	505.968
83.55	505.0536
83.6	504.444
83.65	503.5296
83.7	502.92
83.75	501.396
83.8	501.0912
83.85	500.1768
83.9	499.2624
83.95	497.7384
84	497.1288
84.05	496.2144
84.1	495.6048
84.15	494.6904
84.2	494.0808
84.25	493.4712
84.3	492.5568
84.35	491.9472
84.4	491.9472
84.45	491.3376
84.5	490.728
84.55	491.0328
84.6	490.728
84.65	490.4232
84.7	490.1184
84.75	490.4232
84.8	490.728
84.85	490.728
84.9	490.4232
84.95	490.4232
85	490.4232
85.05	490.4232
85.1	490.1184
85.15	488.8992
85.2	489.204
85.25	488.5944
85.3	487.68
85.35	486.4608
85.4	486.156
85.45	485.2416
85.5	483.7176
85.55	482.4984
85.6	481.2792
85.65	480.06
85.7	478.8408
85.75	478.2312
85.8	477.3168
85.85	476.4024
85.9	475.488
85.95	474.5736
86	475.1832
86.05	475.1832
86.1	475.1832
86.15	473.964
86.2	473.964
86.25	473.6592
86.3	472.44
86.35	471.8304
86.4	470.916
86.45	470.916
86.5	469.6968
86.55	469.392
86.6	468.4776
86.65	467.868
86.7	467.2584
86.75	466.9536
86.8	466.0392
86.85	466.0392
86.9	464.82
86.95	464.82
87	464.2104
87.05	463.9056
87.1	464.5152
87.15	463.6008
87.2	462.3816
87.25	462.3816
87.3	460.8576
87.35	459.9432
87.4	458.4192
87.45	457.5048
87.5	457.2
87.55	456.2856
87.6	455.676
87.65	455.3712
87.7	455.0664
87.75	454.4568
87.8	453.8472
87.85	453.8472
87.9	452.9328
87.95	453.8472
88	453.8472
88.05	454.4568
88.1	453.8472
88.15	455.3712
88.2	455.676
88.25	456.2856
88.3	456.2856
88.35	455.3712
88.4	455.0664
88.45	453.8472
88.5	453.8472
88.55	452.9328
88.6	451.4088
88.65	449.8848
88.7	449.2752
88.75	448.6656
88.8	447.4464
88.85	445.3128
88.9	444.0936
88.95	442.8744
89	442.2648
89.05	441.96
89.1	441.0456
89.15	440.436
89.2	439.8264
89.25	439.8264
89.3	438.912
89.35	437.9976
89.4	435.864
89.45	438.3024
89.5	439.2168
89.55	438.912
89.6	438.6072
89.65	438.3024
89.7	437.9976
89.75	438.3024
89.8	437.6928
89.85	437.6928
89.9	437.388
89.95	437.0832
90	436.7784
90.05	435.2544
90.1	434.9496
90.15	433.7304
90.2	432.5112
90.25	430.9872
90.3	429.768
90.35	427.9392
90.4	427.0248
90.45	426.4152
90.5	424.8912
90.55	423.9768
90.6	421.8432
90.65	421.2336
90.7	421.5384
90.75	420.9288
90.8	420.3192
90.85	419.7096
90.9	419.1
90.95	418.1856
91	416.9664
91.05	417.8808
91.1	416.3568
91.15	415.4424
91.2	415.4424
91.25	415.1376
91.3	415.7472
91.35	417.2712
91.4	418.7952
91.45	420.3192
91.5	420.0144
91.55	419.4048
91.6	417.576
91.65	415.7472
91.7	413.9184
91.75	412.0896
91.8	410.8704
91.85	409.0416
91.9	408.7368
91.95	408.1272
92	406.908
92.05	406.2984
92.1	405.384
92.15	405.0792
92.2	404.4696
92.25	404.1648
92.3	403.5552
92.35	404.1648
92.4	403.2504
92.45	402.6408
92.5	403.2504
92.55	400.2024
92.6	399.8976
92.65	402.9456
92.7	402.6408
92.75	402.0312
92.8	401.7264
92.85	400.812
92.9	400.5072
92.95	399.5928
93	399.288
93.05	397.764
93.1	396.8496
93.15	395.9352
93.2	395.0208
93.25	393.8016
93.3	393.192
93.35	392.2776
93.4	391.9728
93.45	390.144
93.5	389.5344
93.55	388.3152
93.6	387.7056
93.65	387.096
93.7	386.1816
93.75	385.8768
93.8	386.1816
93.85	385.572
93.9	384.9624
93.95	384.9624
94	383.7432
94.05	383.4384
94.1	382.8288
94.15	382.2192
94.2	381
94.25	380.6952
94.3	380.3904
94.35	379.476
94.4	378.8664
94.45	378.2568
94.5	377.6472
94.55	377.3424
94.6	376.7328
94.65	376.428
94.7	375.5136
94.75	375.5136
94.8	375.2088
94.85	374.5992
94.9	373.38
94.95	372.4656
95	373.0752
95.05	372.1608
95.1	371.856
95.15	371.2464
95.2	371.2464
95.25	370.6368
95.3	370.0272
95.35	369.4176
95.4	369.4176
95.45	367.8936
95.5	367.5888
95.55	366.6744
95.6	366.0648
95.65	365.76
95.7	365.76
95.75	365.1504
95.8	365.4552
95.85	364.8456
95.9	364.8456
95.95	363.6264
96	364.236
96.05	363.6264
96.1	362.712
96.15	362.1024
96.2	361.4928
96.25	359.664
96.3	359.3592
96.35	358.4448
96.4	356.616
96.45	356.3112
96.5	355.3968
96.55	355.092
96.6	354.7872
96.65	353.8728
96.7	352.044
96.75	351.4344
96.8	351.1296
96.85	349.6056
96.9	348.6912
96.95	348.6912
97	348.6912
97.05	348.6912
97.1	348.6912
97.15	349.6056
97.2	351.7392
97.25	352.044
97.3	352.6536
97.35	351.7392
97.4	350.2152
97.45	348.6912
97.5	346.5576
97.55	344.1192
97.6	342.9
97.65	342.9
97.7	342.2904
97.75	341.376
97.8	341.0712
97.85	340.4616
97.9	339.852
97.95	338.6328
98	337.7184
98.05	338.0232
98.1	337.7184
98.15	338.0232
98.2	338.0232
98.25	338.0232
98.3	338.9376
98.35	338.6328
98.4	334.6704
98.45	335.28
98.5	339.5472
98.55	338.328
98.6	336.804
98.65	335.5848
98.7	334.3656
98.75	333.1464
98.8	330.708
98.85	329.4888
98.9	327.9648
98.95	327.0504
99	326.7456
99.05	325.8312
99.1	325.5264
99.15	324.9168
99.2	323.3928
99.25	322.4784
99.3	322.4784
99.35	321.2592
99.4	320.9544
99.45	321.2592
99.5	321.2592
99.55	320.04
99.6	320.3448
99.65	320.04
99.7	320.9544
99.75	320.3448
99.8	320.04
99.85	318.8208
99.9	317.9064
99.95	316.3824
100	315.1632
100.05	314.2488
100.1	313.3344
100.15	312.42
100.2	312.1152
100.25	313.3344
100.3	313.0296
100.35	313.0296
100.4	313.0296
100.45	313.3344
100.5	313.944
100.55	313.944
100.6	313.3344
100.65	313.0296
100.7	310.896
100.75	310.2864
100.8	309.0672
100.85	307.848
100.9	306.6288
100.95	306.0192
101	305.1048
101.05	304.8
101.1	303.8856
101.15	303.8856
101.2	303.5808
101.25	302.6664
101.3	302.0568
101.35	301.4472
101.4	300.5328
101.45	299.9232
101.5	299.6184
101.55	298.3992
101.6	298.704
101.65	298.3992
101.7	297.7896
101.75	296.5704
101.8	296.2656
101.85	295.3512
101.9	295.0464
101.95	294.4368
102	292.9128
102.05	292.608
102.1	292.3032
102.15	291.6936
102.2	291.9984
102.25	290.7792
102.3	290.7792
102.35	290.1696
102.4	288.9504
102.45	288.9504
102.5	288.036
102.55	287.4264
102.6	287.7312
102.65	286.2072
102.7	285.5976
102.75	284.6832
102.8	284.6832
102.85	284.0736
102.9	282.8544
102.95	281.6352
103	280.7208
103.05	280.416
103.1	279.5016
103.15	279.5016
103.2	278.5872
103.25	277.9776
103.3	277.368
103.35	277.368
103.4	276.4536
103.45	275.5392
103.5	274.6248
103.55	274.0152
103.6	272.796
103.65	272.4912
103.7	271.5768
103.75	271.5768
103.8	271.5768
103.85	271.5768
103.9	271.5768
103.95	271.8816
104	272.1864
104.05	272.1864
104.1	273.1008
104.15	272.4912
104.2	271.272
104.25	271.272
104.3	270.9672
104.35	269.748
104.4	268.5288
104.45	267.6144
104.5	266.7
104.55	266.0904
104.6	265.4808
104.65	264.2616
104.7	263.3472
104.75	262.128
104.8	260.2992
104.85	259.9944
104.9	258.4704
104.95	257.556
105	258.4704
105.05	258.7752
105.1	258.7752
105.15	257.8608
105.2	257.8608
105.25	257.8608
105.3	257.2512
105.35	257.8608
105.4	257.8608
105.45	257.556
105.5	257.2512
105.55	258.1656
105.6	258.4704
105.65	258.1656
105.7	257.556
105.75	256.3368
105.8	256.032
105.85	254.8128
105.9	253.5936
105.95	252.6792
106	251.1552
106.05	250.2408
106.1	249.0216
106.15	247.4976
106.2	246.2784
106.25	245.364
106.3	243.5352
106.35	242.6208
106.4	241.7064
106.45	240.792
106.5	241.7064
106.55	241.7064
106.6	241.0968
106.65	240.4872
106.7	240.1824
106.75	238.9632
106.8	238.3536
106.85	237.4392
106.9	237.1344
106.95	236.22
107	235.9152
107.05	234.696
107.1	234.0864
107.15	233.7816
107.2	233.4768
107.25	232.2576
107.3	231.648
107.35	231.0384
107.4	230.7336
107.45	230.124
107.5	229.5144
107.55	228.2952
107.6	227.6856
107.65	227.3808
107.7	226.4664
107.75	226.4664
107.8	224.9424
107.85	224.9424
107.9	224.3328
107.95	224.3328
108	224.3328
108.05	226.1616
108.1	227.3808
108.15	228.6
108.2	228.9048
108.25	228.6
108.3	227.6856
108.35	224.3328
108.4	223.1136
108.45	220.98
108.5	219.7608
108.55	219.1512
108.6	218.2368
108.65	218.2368
108.7	217.3224
108.75	217.0176
108.8	215.7984
108.85	215.7984
108.9	215.1888
108.95	215.4936
109	215.7984
109.05	215.1888
109.1	214.5792
109.15	213.6648
109.2	213.0552
109.25	212.1408
109.3	211.836
109.35	211.2264
109.4	210.6168
109.45	209.0928
109.5	208.1784
109.55	207.264
109.6	206.6544
109.65	205.4352
109.7	205.1304
109.75	204.216
109.8	203.6064
109.85	203.3016
109.9	202.692
109.95	202.692
110	201.7776
110.05	201.168
110.1	200.8632
110.15	200.2536
110.2	199.9488
110.25	199.644
110.3	199.0344
110.35	198.7296
110.4	198.7296
110.45	197.8152
110.5	197.5104
110.55	196.2912
110.6	195.6816
110.65	195.072
110.7	194.1576
110.75	193.548
110.8	193.2432
110.85	192.9384
110.9	192.6336
110.95	194.4624
111	195.3768
111.05	195.6816
111.1	196.596
111.15	197.5104
111.2	196.9008
111.25	195.9864
111.3	195.072
111.35	192.9384
111.4	190.8048
111.45	188.976
111.5	188.0616
111.55	186.8424
111.6	186.2328
111.65	185.6232
111.7	184.0992
111.75	184.404
111.8	183.4896
111.85	183.1848
111.9	182.88
111.95	182.88
112	182.88
112.05	182.5752
112.1	182.5752
112.15	182.5752
112.2	180.1368
112.25	183.1848
112.3	182.88
112.35	181.9656
112.4	181.0512
112.45	180.7464
112.5	179.5272
112.55	178.6128
112.6	176.784
112.65	175.5648
112.7	175.26
112.75	173.736
112.8	172.5168
112.85	171.9072
112.9	171.6024
112.95	171.2976
113	171.9072
113.05	171.9072
113.1	171.9072
113.15	171.6024
113.2	171.6024
113.25	170.3832
113.3	169.7736
113.35	168.8592
113.4	168.2496
113.45	167.3352
113.5	166.4208
113.55	166.116
113.6	165.5064
113.65	164.8968
113.7	164.2872
113.75	163.6776
113.8	163.068
113.85	162.1536
113.9	161.544
113.95	161.2392
114	160.6296
114.05	160.02
114.1	159.4104
114.15	157.8864
114.2	158.496
114.25	158.1912
114.3	158.8008
114.35	160.6296
114.4	163.3728
114.45	162.4584
114.5	159.4104
114.55	156.3624
114.6	154.2288
114.65	153.924
114.7	153.0096
114.75	152.4
114.8	152.0952
114.85	152.7048
114.9	152.7048
114.95	154.8384
115	155.448
115.05	153.6192
115.1	150.876
115.15	148.4376
115.2	146.9136
115.25	145.9992
115.3	145.6944
115.35	145.3896
115.4	143.8656
115.45	143.5608
115.5	143.8656
115.55	143.8656
115.6	142.3416
115.65	141.4272
115.7	140.5128
115.75	139.9032
115.8	139.2936
115.85	138.684
115.9	138.3792
115.95	138.3792
116	138.0744
116.05	138.684
116.1	139.2936
116.15	138.684
116.2	137.7696
116.25	135.9408
116.3	138.9888
116.35	138.9888
116.4	138.9888
116.45	138.3792
116.5	138.0744
116.55	138.0744
116.6	137.4648
116.65	136.5504
116.7	135.9408
116.75	135.636
116.8	134.7216
116.85	134.112
116.9	133.8072
116.95	133.5024
117	132.588
117.05	133.1976
117.1	132.8928
117.15	132.8928
117.2	131.9784
117.25	130.7592
117.3	128.016
117.35	122.2248
117.4	122.5296
117.45	124.3584
117.5	124.6632
117.55	124.0536
117.6	123.444
117.65	122.8344
117.7	121.92
117.75	121.92
117.8	121.92
117.85	121.92
117.9	122.5296
117.95	121.6152
118	120.0912
118.05	118.872
118.1	117.0432
118.15	116.1288
118.2	114.6048
118.25	113.6904
118.3	112.4712
118.35	111.252
118.4	111.252
118.45	110.9472
118.5	110.0328
118.55	109.728
118.6	110.6424
118.65	110.3376
118.7	110.0328
118.75	108.8136
118.8	107.5944
118.85	106.9848
118.9	106.68
118.95	105.156
119	104.5464
119.05	103.632
119.1	103.632
119.15	103.0224
119.2	102.7176
119.25	102.108
119.3	101.4984
119.35	100.8888
119.4	101.1936
119.45	101.1936
119.5	101.1936
119.55	100.8888
119.6	100.8888
119.65	101.1936
119.7	100.584
119.75	100.584
119.8	100.8888
119.85	101.1936
119.9	101.8032
119.95	102.4128
120	102.7176
120.05	101.4984
120.1	101.8032
120.15	100.2792
120.2	99.6696
120.25	99.06
120.3	97.536
120.35	97.2312
120.4	96.3168
120.45	96.012
120.5	95.0976
120.55	94.7928
120.6	93.8784
120.65	92.6592
120.7	92.0496
120.75	90.8304
120.8	89.3064
120.85	89.0016
120.9	88.0872
120.95	86.2584
121	85.6488
121.05	84.7344
121.1	84.7344
121.15	83.5152
121.2	82.9056
121.25	82.9056
121.3	82.296
121.35	81.9912
121.4	81.3816
121.45	81.6864
121.5	81.3816
121.55	81.6864
121.6	81.0768
121.65	81.0768
121.7	81.9912
121.75	81.9912
121.8	82.296
121.85	82.6008
121.9	81.9912
121.95	81.6864
122	81.0768
122.05	81.0768
122.1	80.772
122.15	80.1624
122.2	79.5528
122.25	79.248
122.3	78.9432
122.35	78.6384
122.4	78.3336
122.45	77.4192
122.5	77.4192
122.55	76.5048
122.6	76.5048
122.65	75.8952
122.7	75.8952
122.75	74.9808
122.8	74.9808
122.85	72.8472
122.9	67.056
122.95	68.58
123	72.2376
123.05	71.9328
123.1	71.628
123.15	70.7136
123.2	69.7992
123.25	68.8848
123.3	67.6656
123.35	67.056
123.4	65.8368
123.45	65.532
123.5	64.6176
123.55	63.3984
123.6	62.484
123.65	61.8744
123.7	60.3504
123.75	59.436
123.8	59.436
123.85	58.2168
123.9	57.6072
123.95	56.6928
124	56.388
124.05	55.4736
124.1	54.864
124.15	54.5592
124.2	54.5592
124.25	53.9496
124.3	53.34
124.35	52.7304
124.4	52.7304
124.45	52.4256
124.5	51.2064
124.55	50.9016
124.6	49.9872
124.65	49.3776
124.7	48.4632
124.75	47.5488
124.8	47.5488
124.85	47.244
124.9	47.244
124.95	46.6344
125	46.0248
125.05	46.3296
125.1	45.4152
125.15	45.4152
125.2	44.8056
125.25	43.8912
125.3	43.8912
125.35	43.2816
125.4	42.9768
125.45	42.9768
125.5	42.3672
125.55	41.7576
125.6	41.4528
125.65	40.5384
125.7	41.148
125.75	39.624
125.8	39.3192
125.85	39.0144
125.9	38.1
125.95	38.1
126	38.4048
126.05	38.4048
126.1	38.7096
126.15	39.3192
126.2	39.3192
126.25	38.7096
126.3	37.1856
126.35	36.2712
126.4	35.052
126.45	34.1376
126.5	32.6136
126.55	32.004
126.6	30.7848
126.65	29.8704
126.7	29.2608
126.75	29.2608
126.8	28.956
126.85	28.3464
126.9	27.7368
126.95	27.1272
127	27.432
127.05	27.1272
127.1	27.1272
127.15	27.432
127.2	26.8224
127.25	26.5176
127.3	26.2128
127.35	25.908
127.4	24.9936
127.45	24.9936
127.5	23.1648
127.55	22.5552
127.6	22.5552
127.65	21.9456
127.7	22.2504
127.75	21.6408
127.8	21.6408
127.85	20.7264
127.9	21.0312
127.95	20.4216
128	20.1168
128.05	20.1168
128.1	21.0312
128.15	21.6408
128.2	22.2504
128.25	23.1648
128.3	22.86
128.35	22.5552
128.4	21.336
128.45	21.6408
128.5	20.4216
128.55	20.1168
128.6	19.5072
128.65	18.5928
128.7	17.9832
128.75	17.0688
128.8	16.1544
128.85	16.1544
128.9	14.9352
128.95	14.3256
129	13.1064
129.05	12.4968
129.1	11.2776
129.15	10.0584
129.2	8.8392
129.25	7.3152
129.3	6.096
129.35	5.1816
129.4	7.62
129.45	8.2296
129.5	7.3152
129.55	7.62
129.6	4.572
129.65	5.1816
129.7	3.9624
129.75	4.572
129.8	3.9624
129.85	4.2672
129.9	3.6576
129.95	4.572
130	3.9624
130.05	4.2672
130.1	4.2672
130.15	4.572
130.2	4.2672
130.25	4.572
130.3	4.572
130.35	3.9624
130.4	4.2672
130.45	4.2672
130.5	4.2672
130.55	4.572
130.6	3.9624
130.65	4.2672
130.7	4.572
130.75	4.2672
130.8	4.572
130.85	4.572
130.9	4.2672
130.95	4.2672
131	3.6576
131.05	4.572
131.1	4.2672
131.15	4.2672
131.2	4.2672
131.25	4.2672
131.3	4.572
131.35	4.2672
131.4	4.2672
131.45	4.2672
131.5	4.572
131.55	4.572
131.6	4.2672
131.65	4.2672
131.7	4.2672
131.75	4.2672
131.8	3.9624
131.85	4.2672
131.9	3.9624
131.95	4.2672
132	3.9624
132.05	4.2672
132.1	3.9624
132.15	4.2672
132.2	4.2672
132.25	4.572
132.3	4.2672
132.35	4.572
132.4	4.572
132.45	3.9624
132.5	4.2672
132.55	4.572
132.6	4.572
132.65	3.9624
132.7	4.2672
132.75	4.572
132.8	4.2672
132.85	4.572
132.9	4.2672
132.95	4.2672
133	4.2672
133.05	4.2672
133.1	4.572
133.15	4.572
133.2	4.572
133.25	4.2672
133.3	4.2672
133.35	4.2672
133.4	4.572
133.45	4.572
133.5	4.2672
133.55	4.572
133.6	4.2672
133.65	4.2672
133.7	4.2672
133.75	3.9624
133.8	4.572
133.85	4.572
133.9	3.9624
133.95	4.572
134	4.2672
134.05	4.572
134.1	4.572
134.15	4.2672
134.2	4.2672
134.25	4.2672
134.3	4.2672
134.35	4.2672
134.4	4.2672
134.45	4.572
134.5	4.572
134.55	4.572
134.6	4.2672
134.65	4.572
134.7	4.2672
134.75	4.572
134.8	4.572
134.85	4.572
134.9	3.9624
134.95	4.572
135	4.572
135.05	4.572
135.1	4.2672
135.15	4.2672
