# Netuno-F/Galateia-1			LT 12 Jun 2022		StratoLoggerCF (SL-8)	
#t(s)	h (m)
0	0.3048
0.05	0.3048
0.1	0.3048
0.15	0.9144
0.2	1.524
0.25	1.8288
0.3	3.048
0.35	3.048
0.4	4.2672
0.45	4.8768
0.5	5.4864
0.55	6.7056
0.6	8.8392
0.65	10.0584
0.7	11.5824
0.75	13.4112
0.8	16.1544
0.85	18.5928
0.9	20.7264
0.95	24.0792
1	27.1272
1.05	29.5656
1.1	31.6992
1.15	34.4424
1.2	38.1
1.25	40.8432
1.3	43.5864
1.35	46.6344
1.4	49.9872
1.45	53.6448
1.5	56.388
1.55	60.0456
1.6	64.008
1.65	67.056
1.7	69.4944
1.75	73.7616
1.8	76.8096
1.85	80.4672
1.9	84.1248
1.95	87.7824
2	91.44
2.05	94.7928
2.1	98.7552
2.15	102.4128
2.2	106.0704
2.25	109.1184
2.3	113.0808
2.35	115.824
2.4	118.872
2.45	122.5296
2.5	125.8824
2.55	128.3208
2.6	131.9784
2.65	134.7216
2.7	137.7696
2.75	140.5128
2.8	142.9512
2.85	146.6088
2.9	149.0472
2.95	151.4856
3	154.5336
3.05	157.2768
3.1	160.3248
3.15	163.3728
3.2	165.8112
3.25	168.8592
3.3	171.2976
3.35	174.3456
3.4	177.0888
3.45	179.2224
3.5	181.9656
3.55	184.404
3.6	187.1472
3.65	189.5856
3.7	191.4144
3.75	194.1576
3.8	196.2912
3.85	198.7296
3.9	200.8632
3.95	202.9968
4	205.1304
4.05	207.5688
4.1	209.7024
4.15	212.1408
4.2	214.2744
4.25	216.7128
4.3	218.5416
4.35	220.3704
4.4	222.8088
4.45	224.6376
4.5	226.4664
4.55	228.9048
4.6	231.0384
4.65	232.5624
4.7	234.3912
4.75	235.9152
4.8	238.3536
4.85	239.8776
4.9	241.4016
4.95	243.84
5	245.0592
5.05	246.888
5.1	248.7168
5.15	249.936
5.2	251.46
5.25	252.984
5.3	254.8128
5.35	256.3368
5.4	258.1656
5.45	259.08
5.5	260.9088
5.55	262.128
5.6	263.652
5.65	265.176
5.7	266.7
5.75	267.9192
5.8	268.8336
5.85	270.3576
5.9	271.8816
5.95	273.1008
6	273.7104
6.05	275.844
6.1	276.4536
6.15	277.368
6.2	278.5872
6.25	279.8064
6.3	280.416
6.35	281.6352
6.4	282.2448
6.45	283.1592
6.5	284.0736
6.55	285.2928
6.6	285.9024
6.65	286.8168
6.7	287.7312
6.75	288.9504
6.8	289.2552
6.85	290.1696
6.9	290.7792
6.95	291.6936
7	292.608
7.05	292.9128
7.1	293.8272
7.15	294.132
7.2	294.7416
7.25	295.3512
7.3	296.2656
7.35	296.8752
7.4	297.18
7.45	297.4848
7.5	297.7896
7.55	298.3992
7.6	298.3992
7.65	299.6184
7.7	299.6184
7.75	299.9232
7.8	300.228
7.85	300.5328
7.9	301.1424
7.95	301.1424
8	301.1424
8.05	301.752
8.1	302.0568
8.15	302.3616
8.2	302.0568
8.25	302.3616
8.3	302.0568
8.35	302.3616
8.4	302.0568
8.45	302.0568
8.5	302.0568
8.55	302.3616
8.6	302.3616
8.65	303.5808
8.7	301.752
8.75	301.4472
8.8	300.5328
8.85	300.5328
8.9	300.228
8.95	299.9232
9	300.228
9.05	299.9232
9.1	299.0088
9.15	298.704
9.2	298.3992
9.25	297.4848
9.3	297.18
9.35	296.8752
9.4	297.18
9.45	297.7896
9.5	296.2656
9.55	299.6184
9.6	299.3136
9.65	296.8752
9.7	298.704
9.75	295.9608
9.8	300.228
9.85	297.18
9.9	292.3032
9.95	295.0464
10	294.7416
10.05	295.9608
10.1	294.4368
10.15	295.0464
10.2	294.132
10.25	293.8272
10.3	293.2176
10.35	292.9128
10.4	294.7416
10.45	293.8272
10.5	294.132
10.55	291.9984
10.6	291.3888
10.65	290.7792
10.7	290.4744
10.75	290.7792
10.8	290.4744
10.85	290.1696
10.9	289.8648
10.95	288.036
11	288.036
11.05	287.4264
11.1	288.036
11.15	287.7312
11.2	287.4264
11.25	287.1216
11.3	285.9024
11.35	285.5976
11.4	284.988
11.45	284.3784
11.5	284.0736
11.55	283.7688
11.6	282.8544
11.65	283.1592
11.7	282.8544
11.75	282.8544
11.8	282.2448
11.85	281.94
11.9	281.0256
11.95	281.3304
12	280.7208
12.05	279.5016
12.1	279.1968
12.15	279.8064
12.2	279.1968
12.25	279.1968
12.3	278.5872
12.35	277.6728
12.4	276.7584
12.45	276.1488
12.5	275.844
12.55	275.844
12.6	274.9296
12.65	274.9296
12.7	274.9296
12.75	274.32
12.8	273.7104
12.85	273.1008
12.9	272.4912
12.95	272.4912
13	271.8816
13.05	271.272
13.1	271.272
13.15	270.9672
13.2	270.3576
13.25	269.748
13.3	270.0528
13.35	268.8336
13.4	268.5288
13.45	267.6144
13.5	267.3096
13.55	266.7
13.6	266.0904
13.65	266.0904
13.7	265.4808
13.75	265.4808
13.8	264.5664
13.85	264.5664
13.9	263.652
13.95	264.2616
14	263.3472
14.05	263.0424
14.1	261.8232
14.15	261.8232
14.2	261.5184
14.25	260.604
14.3	259.9944
14.35	259.08
14.4	259.3848
14.45	259.08
14.5	258.4704
14.55	257.556
14.6	257.556
14.65	257.2512
14.7	256.032
14.75	256.3368
14.8	256.6416
14.85	256.032
14.9	254.8128
14.95	255.1176
15	254.2032
15.05	253.5936
15.1	253.5936
15.15	252.984
15.2	252.3744
15.25	251.7648
15.3	251.46
15.35	251.1552
15.4	250.8504
15.45	250.2408
15.5	249.6312
15.55	249.6312
15.6	248.7168
15.65	248.412
15.7	247.4976
15.75	247.1928
15.8	246.5832
15.85	246.888
15.9	246.5832
15.95	246.2784
16	246.2784
16.05	245.364
16.1	244.1448
16.15	244.1448
16.2	243.5352
16.25	242.6208
16.3	242.6208
16.35	242.0112
16.4	242.0112
16.45	241.0968
16.5	240.792
16.55	240.792
16.6	239.8776
16.65	239.268
16.7	238.6584
16.75	238.0488
16.8	237.4392
16.85	237.1344
16.9	236.8296
16.95	236.8296
17	236.5248
17.05	235.6104
17.1	235.3056
17.15	235.0008
17.2	234.3912
17.25	234.0864
17.3	232.5624
17.35	232.2576
17.4	231.9528
17.45	231.3432
17.5	231.0384
17.55	230.4288
17.6	230.124
17.65	230.124
17.7	229.8192
17.75	228.9048
17.8	228.6
17.85	228.2952
17.9	227.9904
17.95	227.076
18	226.4664
18.05	225.8568
18.1	225.552
18.15	224.9424
18.2	224.6376
18.25	224.3328
18.3	224.028
18.35	224.028
18.4	223.1136
18.45	223.1136
18.5	222.1992
18.55	221.2848
18.6	220.98
18.65	220.0656
18.7	219.1512
18.75	218.8464
18.8	218.8464
18.85	218.2368
18.9	218.5416
18.95	217.3224
19	217.0176
19.05	216.408
19.1	215.1888
19.15	215.1888
19.2	214.884
19.25	213.9696
19.3	213.6648
19.35	212.7504
19.4	212.7504
19.45	212.1408
19.5	211.836
19.55	211.2264
19.6	210.6168
19.65	210.0072
19.7	210.0072
19.75	209.7024
19.8	208.788
19.85	208.788
19.9	207.5688
19.95	208.4832
20	209.0928
20.05	207.5688
20.1	207.5688
20.15	205.74
20.2	205.1304
20.25	204.8256
20.3	203.9112
20.35	202.9968
20.4	202.0824
20.45	202.0824
20.5	202.0824
20.55	202.9968
20.6	202.0824
20.65	202.0824
20.7	200.5584
20.75	199.0344
20.8	199.0344
20.85	199.0344
20.9	198.4248
20.95	197.8152
21	197.2056
21.05	196.9008
21.1	196.596
21.15	196.9008
21.2	196.9008
21.25	196.596
21.3	195.9864
21.35	195.6816
21.4	195.3768
21.45	194.7672
21.5	193.548
21.55	192.024
21.6	192.024
21.65	192.6336
21.7	192.6336
21.75	192.024
21.8	191.4144
21.85	190.5
21.9	190.1952
21.95	189.5856
22	189.2808
22.05	188.6712
22.1	188.3664
22.15	187.7568
22.2	187.452
22.25	187.1472
22.3	187.452
22.35	186.8424
22.4	186.5376
22.45	185.928
22.5	185.6232
22.55	185.0136
22.6	184.7088
22.65	183.7944
22.7	183.7944
22.75	183.7944
22.8	183.1848
22.85	183.1848
22.9	182.5752
22.95	181.9656
23	181.9656
23.05	181.0512
23.1	180.1368
23.15	180.4416
23.2	179.832
23.25	179.5272
23.3	178.6128
23.35	178.0032
23.4	178.308
23.45	177.6984
23.5	177.6984
23.55	177.0888
23.6	176.784
23.65	176.4792
23.7	175.8696
23.75	175.5648
23.8	175.5648
23.85	174.9552
23.9	174.3456
23.95	173.4312
24	173.4312
24.05	172.8216
24.1	171.9072
24.15	171.9072
24.2	171.9072
24.25	171.9072
24.3	171.2976
24.35	170.9928
24.4	170.3832
24.45	169.4688
24.5	169.4688
24.55	168.2496
24.6	167.9448
24.65	167.3352
24.7	167.3352
24.75	167.9448
24.8	167.3352
24.85	167.0304
24.9	166.116
24.95	164.8968
25	164.592
25.05	164.592
25.1	163.9824
25.15	163.9824
25.2	163.6776
25.25	163.3728
25.3	162.4584
25.35	162.4584
25.4	161.544
25.45	161.544
25.5	161.544
25.55	160.9344
25.6	160.6296
25.65	160.6296
25.7	160.02
25.75	159.4104
25.8	159.1056
25.85	158.496
25.9	158.1912
25.95	158.1912
26	157.8864
26.05	157.8864
26.1	157.2768
26.15	157.2768
26.2	156.972
26.25	155.7528
26.3	155.448
26.35	154.5336
26.4	154.5336
26.45	153.6192
26.5	153.6192
26.55	153.3144
26.6	153.0096
26.65	153.0096
26.7	153.3144
26.75	152.4
26.8	152.4
26.85	151.7904
26.9	151.1808
26.95	150.5712
27	149.9616
27.05	149.6568
27.1	149.352
27.15	148.7424
27.2	149.6568
27.25	149.352
27.3	148.7424
27.35	148.1328
27.4	147.828
27.45	146.9136
27.5	146.9136
27.55	146.6088
27.6	145.9992
27.65	145.0848
27.7	145.9992
27.75	145.0848
27.8	145.0848
27.85	145.6944
27.9	144.78
27.95	144.4752
28	143.5608
28.05	142.9512
28.1	142.3416
28.15	142.6464
28.2	141.4272
28.25	140.8176
28.3	140.8176
28.35	140.8176
28.4	140.5128
28.45	140.208
28.5	140.208
28.55	139.9032
28.6	139.2936
28.65	138.3792
28.7	138.3792
28.75	137.7696
28.8	136.8552
28.85	136.8552
28.9	136.5504
28.95	136.8552
29	136.5504
29.05	135.3312
29.1	135.0264
29.15	134.7216
29.2	134.4168
29.25	133.8072
29.3	133.5024
29.35	133.1976
29.4	132.8928
29.45	132.8928
29.5	132.2832
29.55	131.9784
29.6	131.6736
29.65	131.3688
29.7	130.7592
29.75	130.1496
29.8	129.54
29.85	128.9304
29.9	128.016
29.95	128.016
30	128.016
30.05	127.7112
30.1	127.7112
30.15	127.1016
30.2	126.7968
30.25	127.1016
30.3	126.1872
30.35	125.2728
30.4	125.2728
30.45	124.968
30.5	124.0536
30.55	123.444
30.6	123.444
30.65	123.444
30.7	123.444
30.75	122.8344
30.8	122.8344
30.85	122.2248
30.9	121.6152
30.95	121.0056
31	120.396
31.05	120.0912
31.1	119.7864
31.15	119.1768
31.2	119.4816
31.25	119.1768
31.3	119.1768
31.35	118.5672
31.4	118.2624
31.45	117.348
31.5	116.7384
31.55	116.1288
31.6	115.824
31.65	115.2144
31.7	114.9096
31.75	114.6048
31.8	113.9952
31.85	113.6904
31.9	113.6904
31.95	113.9952
32	113.3856
32.05	112.1664
32.1	111.5568
32.15	111.252
32.2	110.9472
32.25	110.6424
32.3	110.6424
32.35	109.728
32.4	109.4232
32.45	109.1184
32.5	109.1184
32.55	108.5088
32.6	108.5088
32.65	108.204
32.7	107.2896
32.75	106.68
32.8	106.3752
32.85	105.7656
32.9	104.8512
32.95	104.8512
33	104.5464
33.05	104.2416
33.1	104.8512
33.15	103.9368
33.2	103.632
33.25	103.0224
33.3	101.8032
33.35	102.108
33.4	101.1936
33.45	100.584
33.5	100.584
33.55	100.584
33.6	100.2792
33.65	100.584
33.7	99.3648
33.75	99.06
33.8	98.1456
33.85	98.1456
33.9	97.536
33.95	97.2312
34	96.3168
34.05	96.012
34.1	95.7072
34.15	94.7928
34.2	94.488
34.25	94.7928
34.3	94.1832
34.35	93.5736
34.4	93.2688
34.45	92.964
34.5	92.3544
34.55	92.3544
34.6	91.7448
34.65	91.1352
34.7	90.8304
34.75	90.8304
34.8	90.8304
34.85	89.916
34.9	89.3064
34.95	89.3064
35	88.392
35.05	87.7824
35.1	87.4776
35.15	87.1728
35.2	86.868
35.25	86.2584
35.3	85.6488
35.35	86.2584
35.4	85.344
35.45	85.0392
35.5	84.7344
35.55	84.4296
35.6	84.7344
35.65	84.4296
35.7	84.1248
35.75	83.5152
35.8	82.296
35.85	82.296
35.9	81.3816
35.95	81.0768
36	81.3816
36.05	80.4672
36.1	80.772
36.15	80.1624
36.2	79.5528
36.25	78.6384
36.3	79.248
36.35	79.248
36.4	78.3336
36.45	77.724
36.5	78.0288
36.55	76.5048
36.6	76.2
36.65	75.8952
36.7	75.5904
36.75	74.9808
36.8	74.676
36.85	74.676
36.9	74.0664
36.95	73.152
37	73.152
37.05	72.2376
37.1	71.628
37.15	71.0184
37.2	71.3232
37.25	71.0184
37.3	71.3232
37.35	71.0184
37.4	70.4088
37.45	70.104
37.5	68.8848
37.55	68.58
37.6	68.58
37.65	67.9704
37.7	67.6656
37.75	66.4464
37.8	66.7512
37.85	66.4464
37.9	66.7512
37.95	66.1416
38	65.8368
38.05	64.9224
38.1	64.9224
38.15	64.3128
38.2	63.7032
38.25	63.7032
38.3	62.7888
38.35	62.1792
38.4	61.8744
38.45	61.8744
38.5	61.2648
38.55	60.6552
38.6	60.6552
38.65	59.7408
38.7	60.0456
38.75	58.8264
38.8	59.1312
38.85	58.5216
38.9	58.2168
38.95	57.3024
39	57.912
39.05	56.9976
39.1	56.9976
39.15	56.388
39.2	55.7784
39.25	55.1688
39.3	55.1688
39.35	54.2544
39.4	53.6448
39.45	53.34
39.5	53.34
39.55	52.4256
39.6	52.7304
39.65	52.1208
39.7	51.2064
39.75	51.2064
39.8	50.9016
39.85	50.292
39.9	50.292
39.95	49.6824
40	49.0728
40.05	49.3776
40.1	47.5488
40.15	46.9392
40.2	47.244
40.25	46.6344
40.3	46.3296
40.35	45.72
40.4	45.4152
40.45	46.0248
40.5	45.1104
40.55	44.8056
40.6	44.8056
40.65	44.5008
40.7	43.2816
40.75	43.8912
40.8	42.3672
40.85	42.0624
40.9	41.148
40.95	40.8432
41	41.148
41.05	41.4528
41.1	40.5384
41.15	40.5384
41.2	39.3192
41.25	39.0144
41.3	38.4048
41.35	38.4048
41.4	37.4904
41.45	36.576
41.5	36.8808
41.55	36.576
41.6	37.1856
41.65	36.576
41.7	35.6616
41.75	35.052
41.8	34.7472
41.85	34.7472
41.9	34.1376
41.95	34.1376
42	33.528
42.05	32.9184
42.1	32.3088
42.15	32.6136
42.2	32.6136
42.25	31.6992
42.3	31.6992
42.35	31.0896
42.4	30.48
42.45	30.1752
42.5	28.6512
42.55	28.956
42.6	28.6512
42.65	28.3464
42.7	28.0416
42.75	28.6512
42.8	28.956
42.85	27.7368
42.9	27.432
42.95	26.5176
43	25.908
43.05	25.2984
43.1	25.2984
43.15	24.9936
43.2	24.0792
43.25	23.7744
43.3	24.0792
43.35	23.7744
43.4	23.4696
43.45	22.86
43.5	22.2504
43.55	21.9456
43.6	21.9456
43.65	21.0312
43.7	20.4216
43.75	19.812
43.8	19.812
43.85	20.1168
43.9	19.2024
43.95	19.5072
44	18.8976
44.05	18.288
44.1	17.6784
44.15	17.3736
44.2	17.0688
44.25	16.1544
44.3	16.1544
44.35	15.8496
44.4	15.5448
44.45	15.8496
44.5	15.8496
44.55	15.5448
44.6	14.9352
44.65	14.6304
44.7	14.0208
44.75	13.4112
44.8	12.8016
44.85	12.4968
44.9	12.4968
44.95	12.192
45	11.8872
45.05	11.2776
45.1	10.9728
45.15	10.3632
45.2	10.3632
45.25	9.4488
45.3	9.7536
45.35	9.144
45.4	8.8392
45.45	8.8392
45.5	7.3152
45.55	7.3152
45.6	7.0104
45.65	6.096
45.7	6.096
45.75	5.4864
45.8	5.7912
45.85	5.4864
45.9	5.7912
45.95	4.572
46	4.572
46.05	3.3528
46.1	2.7432
46.15	2.4384
46.2	1.8288
46.25	1.524
46.3	0.9144
46.35	0
46.4	-0.3048
46.45	-0.3048
46.5	0.6096
46.55	0.6096
46.6	0.3048
46.65	-0.3048
46.7	-0.3048
46.75	0
46.8	-0.3048
46.85	0
46.9	0
46.95	-0.6096
47	0
47.05	-0.3048
47.1	-0.3048
47.15	-0.3048
47.2	0.3048
47.25	-0.3048
47.3	0.3048
47.35	-0.3048
47.4	0.3048
47.45	-0.3048
47.5	0
47.55	-0.3048
47.6	0
47.65	-0.3048
47.7	-0.3048
47.75	-0.3048
47.8	-0.3048
47.85	-0.3048
47.9	-0.3048
47.95	-0.3048
48	-0.3048
48.05	-0.3048
48.1	-0.6096
48.15	-0.3048
48.2	-0.3048
48.25	-0.3048
48.3	-0.3048
48.35	-0.6096
48.4	-0.3048
48.45	0
48.5	-0.3048
48.55	-0.3048
48.6	0
48.65	-0.3048
48.7	0
48.75	0
48.8	-0.3048
48.85	-0.3048
48.9	-0.3048
48.95	-0.3048
49	0
49.05	0
49.1	-0.3048
49.15	0
49.2	-0.3048
49.25	-0.3048
49.3	-0.6096
49.35	0
49.4	-0.3048
49.45	0
49.5	0
49.55	-0.3048
49.6	0.3048
49.65	-0.3048
49.7	0
49.75	-0.3048
49.8	-0.3048
49.85	-0.3048
49.9	-0.3048
49.95	-0.6096
50	-0.6096
50.05	0.3048
50.1	-0.3048
50.15	-0.3048
50.2	0
50.25	0
50.3	0.3048
50.35	-0.3048
50.4	-0.3048
50.45	-0.3048
50.5	-0.3048
50.55	-0.3048
50.6	0
50.65	-0.3048
50.7	-0.3048
50.75	-0.3048
50.8	0
50.85	0
50.9	-0.3048
50.95	-0.3048
51	-0.3048
51.05	-0.3048
51.1	-0.6096
51.15	0
51.2	-0.6096
51.25	-0.9144
51.3	-0.3048
51.35	0
51.4	-0.3048
51.45	-0.3048
51.5	-0.3048
51.55	-0.3048
51.6	-0.3048
51.65	-0.3048
51.7	-0.3048
51.75	-0.9144
51.8	-0.3048
51.85	0
51.9	-0.3048
51.95	-0.3048
52	-0.6096
52.05	-0.3048
52.1	-0.3048
52.15	-0.6096
52.2	-0.3048
52.25	0
52.3	-0.6096
52.35	-0.3048
52.4	-0.6096
52.45	-0.3048
52.5	-0.3048
52.55	-0.6096
52.6	-0.3048
52.65	-0.3048
52.7	-0.3048
52.75	-0.6096
52.8	-0.3048
52.85	-0.3048
52.9	-0.6096
52.95	-0.3048
53	-0.3048
53.05	-0.3048
53.1	-0.3048
53.15	-0.6096
53.2	-0.3048
53.25	-0.3048
53.3	0
53.35	-0.3048
53.4	-0.3048
53.45	-0.6096
53.5	-0.6096
53.55	-0.3048
53.6	-0.9144
53.65	-0.3048
53.7	-0.3048
53.75	-0.6096
53.8	-0.3048
53.85	-0.6096
53.9	0
53.95	-0.3048
54	-0.3048
54.05	-0.3048
54.1	0
54.15	-0.3048
54.2	-0.3048
54.25	-0.6096
54.3	-0.6096
54.35	-0.3048
54.4	-0.3048
54.45	-0.6096
54.5	-0.3048
54.55	-0.3048
54.6	-0.3048
54.65	-0.3048
54.7	-0.6096
54.75	-0.3048
54.8	-0.6096
54.85	-0.6096
54.9	-0.3048
54.95	-0.3048
55	-0.6096
55.05	-0.6096
55.1	-0.3048
55.15	-0.6096
